,ts_code,trade_time,open,close,high,low,vol,amount,trade_date,pre_close
0,000001.SZ,2022-10-24 15:00:00,10.64,10.62,10.64,10.62,3148508.0,33458536.36,20221024,10.63
1,000001.SZ,2022-10-24 14:55:00,10.63,10.63,10.64,10.62,2601092.0,27655743.96,20221024,10.64
2,000001.SZ,2022-10-24 14:50:00,10.65,10.64,10.65,10.62,3104957.0,33025632.34,20221024,10.65
3,000001.SZ,2022-10-24 14:45:00,10.68,10.65,10.69,10.65,2419600.0,25814929.0,20221024,10.68
4,000001.SZ,2022-10-24 14:40:00,10.67,10.68,10.68,10.66,1344900.0,14348101.0,20221024,10.66
5,000001.SZ,2022-10-24 14:35:00,10.68,10.66,10.71,10.66,2876940.0,30745857.0,20221024,10.68
6,000001.SZ,2022-10-24 14:30:00,10.69,10.68,10.71,10.67,2233600.0,23882842.6,20221024,10.69
7,000001.SZ,2022-10-24 14:25:00,10.65,10.69,10.69,10.65,1945900.0,20772007.0,20221024,10.65
8,000001.SZ,2022-10-24 14:20:00,10.63,10.65,10.65,10.61,3181141.0,33800644.78,20221024,10.62
9,000001.SZ,2022-10-24 14:15:00,10.64,10.62,10.64,10.62,2296900.0,24414546.77,20221024,10.64
10,000001.SZ,2022-10-24 14:10:00,10.65,10.64,10.66,10.63,2079723.0,22136451.49,20221024,10.64
11,000001.SZ,2022-10-24 14:05:00,10.64,10.64,10.66,10.63,3235800.0,34432629.77,20221024,10.64
12,000001.SZ,2022-10-24 14:00:00,10.67,10.64,10.67,10.63,3050128.0,32470665.64,20221024,10.66
13,000001.SZ,2022-10-24 13:55:00,10.7,10.66,10.71,10.63,4360681.0,46520713.7,20221024,10.7
14,000001.SZ,2022-10-24 13:50:00,10.71,10.7,10.72,10.69,3356336.0,35913747.18,20221024,10.71
15,000001.SZ,2022-10-24 13:45:00,10.75,10.71,10.75,10.7,2830900.0,30341756.17,20221024,10.75
16,000001.SZ,2022-10-24 13:40:00,10.77,10.75,10.77,10.74,1582900.0,17017623.8,20221024,10.77
17,000001.SZ,2022-10-24 13:35:00,10.73,10.77,10.78,10.72,1955960.0,21015451.2,20221024,10.72
18,000001.SZ,2022-10-24 13:30:00,10.74,10.72,10.74,10.71,3468952.0,37192460.3,20221024,10.74
19,000001.SZ,2022-10-24 13:25:00,10.75,10.74,10.77,10.73,2316100.0,24905643.69,20221024,10.75
20,000001.SZ,2022-10-24 13:20:00,10.76,10.75,10.77,10.74,4158900.0,44726749.38,20221024,10.77
21,000001.SZ,2022-10-24 13:15:00,10.82,10.77,10.83,10.76,6736731.0,72715151.56,20221024,10.82
22,000001.SZ,2022-10-24 13:10:00,10.83,10.82,10.84,10.82,1132100.0,12255784.44,20221024,10.83
23,000001.SZ,2022-10-24 13:05:00,10.84,10.83,10.85,10.82,1690844.0,18322627.52,20221024,10.84
24,000001.SZ,2022-10-24 11:30:00,10.85,10.84,10.85,10.83,863935.0,9362151.84,20221024,10.85
25,000001.SZ,2022-10-24 11:25:00,10.87,10.85,10.87,10.84,1108546.0,12025835.14,20221024,10.87
26,000001.SZ,2022-10-24 11:20:00,10.85,10.87,10.87,10.85,980375.0,10649509.5,20221024,10.86
27,000001.SZ,2022-10-24 11:15:00,10.85,10.86,10.86,10.84,688600.0,7472274.0,20221024,10.86
28,000001.SZ,2022-10-24 11:10:00,10.87,10.86,10.87,10.84,930420.0,10099460.0,20221024,10.86
29,000001.SZ,2022-10-24 11:05:00,10.83,10.86,10.87,10.83,1272000.0,13802083.0,20221024,10.84
30,000001.SZ,2022-10-24 11:00:00,10.83,10.84,10.85,10.82,2497400.0,27051701.0,20221024,10.83
31,000001.SZ,2022-10-24 10:55:00,10.86,10.83,10.86,10.83,1896400.0,20563445.0,20221024,10.86
32,000001.SZ,2022-10-24 10:50:00,10.84,10.86,10.86,10.84,1391700.0,15094318.0,20221024,10.84
33,000001.SZ,2022-10-24 10:45:00,10.86,10.84,10.87,10.84,1769170.0,19206690.2,20221024,10.87
34,000001.SZ,2022-10-24 10:40:00,10.9,10.87,10.9,10.86,1624200.0,17669524.0,20221024,10.9
35,000001.SZ,2022-10-24 10:35:00,10.88,10.9,10.9,10.88,1847300.0,20116911.0,20221024,10.88
36,000001.SZ,2022-10-24 10:30:00,10.86,10.88,10.89,10.85,1499030.0,16289738.8,20221024,10.86
37,000001.SZ,2022-10-24 10:25:00,10.89,10.86,10.9,10.86,1897200.0,20638709.0,20221024,10.89
38,000001.SZ,2022-10-24 10:20:00,10.85,10.89,10.89,10.83,3864548.0,41941187.32,20221024,10.86
39,000001.SZ,2022-10-24 10:15:00,10.86,10.86,10.89,10.85,3523700.0,38292016.0,20221024,10.86
40,000001.SZ,2022-10-24 10:10:00,10.87,10.86,10.89,10.85,4489246.0,48776813.77,20221024,10.87
41,000001.SZ,2022-10-24 10:05:00,10.92,10.87,10.93,10.86,5930979.0,64607612.94,20221024,10.93
42,000001.SZ,2022-10-24 10:00:00,10.95,10.93,10.96,10.9,5137235.0,56145559.85,20221024,10.95
43,000001.SZ,2022-10-24 09:55:00,10.95,10.95,10.98,10.94,3319201.0,36373116.95,20221024,10.96
44,000001.SZ,2022-10-24 09:50:00,11.0,10.96,11.0,10.95,5391575.0,59198511.25,20221024,10.99
45,000001.SZ,2022-10-24 09:45:00,11.08,10.99,11.08,10.98,3863200.0,42596812.0,20221024,11.08
46,000001.SZ,2022-10-24 09:40:00,11.01,11.08,11.1,11.01,5036971.0,55656668.26,20221024,11.02
47,000001.SZ,2022-10-24 09:35:00,11.06,11.02,11.07,10.95,9040619.0,99389372.34,20221024,11.08
48,000001.SZ,2022-10-24 09:30:00,11.09,11.08,11.09,11.06,1365922.0,15137622.32,20221024,11.09
49,000001.SZ,2022-10-21 15:00:00,11.09,11.09,11.1,11.09,2073931.0,23004561.79,20221021,11.1
50,000001.SZ,2022-10-21 14:55:00,11.1,11.1,11.11,11.09,2573760.0,28565697.4,20221021,11.1
51,000001.SZ,2022-10-21 14:50:00,11.1,11.1,11.12,11.1,1830600.0,20331075.0,20221021,11.1
52,000001.SZ,2022-10-21 14:45:00,11.12,11.1,11.12,11.1,1975451.0,21940155.61,20221021,11.11
53,000001.SZ,2022-10-21 14:40:00,11.11,11.11,11.13,11.11,1209746.0,13447777.06,20221021,11.12
54,000001.SZ,2022-10-21 14:35:00,11.1,11.12,11.12,11.1,1702903.0,18919838.33,20221021,11.11
55,000001.SZ,2022-10-21 14:30:00,11.09,11.11,11.11,11.09,1402279.0,15564824.11,20221021,11.1
56,000001.SZ,2022-10-21 14:25:00,11.08,11.1,11.11,11.08,1514500.0,16802228.0,20221021,11.08
57,000001.SZ,2022-10-21 14:20:00,11.09,11.08,11.09,11.08,1821520.0,20189335.6,20221021,11.09
58,000001.SZ,2022-10-21 14:15:00,11.11,11.09,11.12,11.07,4448322.0,49357275.42,20221021,11.11
59,000001.SZ,2022-10-21 14:10:00,11.12,11.11,11.13,11.11,1890678.0,21015649.58,20221021,11.12
60,000001.SZ,2022-10-21 14:05:00,11.14,11.12,11.14,11.11,2621200.0,29158522.0,20221021,11.14
61,000001.SZ,2022-10-21 14:00:00,11.14,11.14,11.15,11.13,1049000.0,11684352.0,20221021,11.14
62,000001.SZ,2022-10-21 13:55:00,11.14,11.14,11.15,11.13,2601400.0,28978462.0,20221021,11.14
63,000001.SZ,2022-10-21 13:50:00,11.16,11.14,11.16,11.13,3241612.0,36140085.78,20221021,11.16
64,000001.SZ,2022-10-21 13:45:00,11.17,11.16,11.19,11.16,3289016.0,36728787.56,20221021,11.17
65,000001.SZ,2022-10-21 13:40:00,11.16,11.17,11.19,11.16,1772100.0,19804376.0,20221021,11.16
66,000001.SZ,2022-10-21 13:35:00,11.18,11.16,11.18,11.16,2377407.0,26538921.12,20221021,11.17
67,000001.SZ,2022-10-21 13:30:00,11.17,11.17,11.19,11.17,885500.0,9897271.0,20221021,11.17
68,000001.SZ,2022-10-21 13:25:00,11.16,11.17,11.17,11.16,679700.0,7589012.0,20221021,11.16
69,000001.SZ,2022-10-21 13:20:00,11.16,11.16,11.18,11.16,1261400.0,14083683.0,20221021,11.16
70,000001.SZ,2022-10-21 13:15:00,11.17,11.16,11.18,11.15,2402979.0,26825360.64,20221021,11.18
71,000001.SZ,2022-10-21 13:10:00,11.16,11.18,11.18,11.16,962300.0,10747490.0,20221021,11.16
72,000001.SZ,2022-10-21 13:05:00,11.2,11.16,11.2,11.16,2669458.0,29840996.44,20221021,11.2
73,000001.SZ,2022-10-21 11:30:00,11.18,11.2,11.2,11.18,519900.0,5817273.0,20221021,11.19
74,000001.SZ,2022-10-21 11:25:00,11.2,11.19,11.2,11.18,890100.0,9961550.0,20221021,11.2
75,000001.SZ,2022-10-21 11:20:00,11.21,11.2,11.21,11.2,512200.0,5738010.0,20221021,11.2
76,000001.SZ,2022-10-21 11:15:00,11.19,11.2,11.21,11.19,647000.0,7247597.0,20221021,11.19
77,000001.SZ,2022-10-21 11:10:00,11.19,11.19,11.2,11.18,557200.0,6237960.0,20221021,11.18
78,000001.SZ,2022-10-21 11:05:00,11.19,11.18,11.19,11.18,1061542.0,11871065.56,20221021,11.18
79,000001.SZ,2022-10-21 11:00:00,11.19,11.18,11.2,11.18,1401558.0,15681120.02,20221021,11.2
80,000001.SZ,2022-10-21 10:55:00,11.2,11.2,11.21,11.19,324800.0,3637893.0,20221021,11.21
81,000001.SZ,2022-10-21 10:50:00,11.2,11.21,11.21,11.19,963620.0,10792878.0,20221021,11.2
82,000001.SZ,2022-10-21 10:45:00,11.21,11.2,11.21,11.2,510000.0,5715489.0,20221021,11.21
83,000001.SZ,2022-10-21 10:40:00,11.21,11.21,11.22,11.2,824600.0,9243193.2,20221021,11.2
84,000001.SZ,2022-10-21 10:35:00,11.2,11.2,11.21,11.19,751600.0,8420811.0,20221021,11.2
85,000001.SZ,2022-10-21 10:30:00,11.21,11.2,11.22,11.19,595608.0,6672243.68,20221021,11.2
86,000001.SZ,2022-10-21 10:25:00,11.22,11.2,11.22,11.2,562800.0,6309081.0,20221021,11.21
87,000001.SZ,2022-10-21 10:20:00,11.19,11.21,11.22,11.19,483200.0,5415687.0,20221021,11.19
88,000001.SZ,2022-10-21 10:15:00,11.22,11.19,11.22,11.19,979800.0,10975311.0,20221021,11.21
89,000001.SZ,2022-10-21 10:10:00,11.23,11.21,11.23,11.21,848300.0,9520509.0,20221021,11.24
90,000001.SZ,2022-10-21 10:05:00,11.2,11.24,11.24,11.19,2599330.0,29167414.7,20221021,11.2
91,000001.SZ,2022-10-21 10:00:00,11.21,11.2,11.23,11.2,1448900.0,16241704.0,20221021,11.21
92,000001.SZ,2022-10-21 09:55:00,11.19,11.21,11.21,11.18,2601140.0,29111300.0,20221021,11.2
93,000001.SZ,2022-10-21 09:50:00,11.2,11.2,11.21,11.19,1028200.0,11514840.45,20221021,11.2
94,000001.SZ,2022-10-21 09:45:00,11.2,11.2,11.2,11.18,1876000.0,21000195.45,20221021,11.2
95,000001.SZ,2022-10-21 09:40:00,11.2,11.2,11.22,11.16,2880369.0,32245589.11,20221021,11.21
96,000001.SZ,2022-10-21 09:35:00,11.23,11.21,11.25,11.2,4854700.0,54471324.0,20221021,11.23
97,000001.SZ,2022-10-21 09:30:00,11.21,11.23,11.23,11.21,578200.0,6482714.0,20221021,11.2
98,000001.SZ,2022-10-20 15:00:00,11.19,11.2,11.2,11.19,2139982.0,23959372.58,20221020,11.19
99,000001.SZ,2022-10-20 14:55:00,11.18,11.19,11.2,11.18,2470880.0,27638461.2,20221020,11.18
100,000001.SZ,2022-10-20 14:50:00,11.19,11.18,11.19,11.18,2128216.0,23795391.25,20221020,11.19
101,000001.SZ,2022-10-20 14:45:00,11.19,11.19,11.19,11.18,1291100.0,14439199.0,20221020,11.19
102,000001.SZ,2022-10-20 14:40:00,11.19,11.19,11.19,11.18,1139064.0,12737213.52,20221020,11.18
103,000001.SZ,2022-10-20 14:35:00,11.19,11.18,11.19,11.18,963200.0,10772861.0,20221020,11.19
104,000001.SZ,2022-10-20 14:30:00,11.19,11.19,11.2,11.18,1326400.0,14837600.0,20221020,11.18
105,000001.SZ,2022-10-20 14:25:00,11.19,11.18,11.2,11.18,1050700.0,11757437.17,20221020,11.19
106,000001.SZ,2022-10-20 14:20:00,11.19,11.19,11.2,11.19,970400.0,10861849.0,20221020,11.19
107,000001.SZ,2022-10-20 14:15:00,11.2,11.19,11.21,11.19,953600.0,10678038.0,20221020,11.21
108,000001.SZ,2022-10-20 14:10:00,11.21,11.21,11.21,11.2,861320.0,9649277.0,20221020,11.21
109,000001.SZ,2022-10-20 14:05:00,11.19,11.21,11.21,11.19,835183.0,9353315.77,20221020,11.2
110,000001.SZ,2022-10-20 14:00:00,11.2,11.2,11.21,11.19,1429400.0,16007878.0,20221020,11.21
111,000001.SZ,2022-10-20 13:55:00,11.21,11.21,11.21,11.2,548078.0,6141625.38,20221020,11.21
112,000001.SZ,2022-10-20 13:50:00,11.23,11.21,11.23,11.21,1239222.0,13897835.62,20221020,11.23
113,000001.SZ,2022-10-20 13:45:00,11.22,11.23,11.24,11.21,1473800.0,16538283.0,20221020,11.22
114,000001.SZ,2022-10-20 13:40:00,11.22,11.22,11.23,11.22,1135100.0,12738459.0,20221020,11.23
115,000001.SZ,2022-10-20 13:35:00,11.25,11.23,11.25,11.22,1115400.0,12524880.0,20221020,11.24
116,000001.SZ,2022-10-20 13:30:00,11.24,11.24,11.25,11.23,974300.0,10952414.0,20221020,11.24
117,000001.SZ,2022-10-20 13:25:00,11.27,11.24,11.27,11.23,1465700.0,16489507.0,20221020,11.26
118,000001.SZ,2022-10-20 13:20:00,11.3,11.26,11.3,11.26,2258300.0,25485386.0,20221020,11.29
119,000001.SZ,2022-10-20 13:15:00,11.25,11.29,11.3,11.24,2494700.0,28145752.0,20221020,11.25
120,000001.SZ,2022-10-20 13:10:00,11.2,11.25,11.27,11.2,1795700.0,20181208.0,20221020,11.2
121,000001.SZ,2022-10-20 13:05:00,11.21,11.2,11.31,11.19,5183618.0,58228042.08,20221020,11.18
122,000001.SZ,2022-10-20 11:30:00,11.19,11.18,11.2,11.18,1316489.0,14729650.91,20221020,11.19
123,000001.SZ,2022-10-20 11:25:00,11.2,11.19,11.21,11.19,728400.0,8156952.0,20221020,11.19
124,000001.SZ,2022-10-20 11:20:00,11.19,11.19,11.2,11.18,938011.0,10492637.09,20221020,11.18
125,000001.SZ,2022-10-20 11:15:00,11.2,11.18,11.2,11.18,827500.0,9260249.0,20221020,11.19
126,000001.SZ,2022-10-20 11:10:00,11.21,11.19,11.22,11.19,1179570.0,13215402.7,20221020,11.21
127,000001.SZ,2022-10-20 11:05:00,11.22,11.21,11.22,11.21,949830.0,10654900.3,20221020,11.21
128,000001.SZ,2022-10-20 11:00:00,11.19,11.21,11.22,11.19,1502400.0,16827650.0,20221020,11.2
129,000001.SZ,2022-10-20 10:55:00,11.2,11.2,11.2,11.19,636800.0,7130236.0,20221020,11.2
130,000001.SZ,2022-10-20 10:50:00,11.19,11.2,11.2,11.18,964200.0,10791060.0,20221020,11.19
131,000001.SZ,2022-10-20 10:45:00,11.2,11.19,11.2,11.18,1011700.0,11322642.0,20221020,11.19
132,000001.SZ,2022-10-20 10:40:00,11.2,11.19,11.2,11.19,843200.0,9441261.0,20221020,11.19
133,000001.SZ,2022-10-20 10:35:00,11.19,11.19,11.2,11.19,1203900.0,13477353.0,20221020,11.2
134,000001.SZ,2022-10-20 10:30:00,11.19,11.2,11.2,11.19,806100.0,9022302.0,20221020,11.2
135,000001.SZ,2022-10-20 10:25:00,11.2,11.2,11.2,11.19,905700.0,10137466.0,20221020,11.2
136,000001.SZ,2022-10-20 10:20:00,11.18,11.2,11.2,11.17,1383800.0,15478007.0,20221020,11.18
137,000001.SZ,2022-10-20 10:15:00,11.2,11.18,11.2,11.16,3545000.0,39627510.0,20221020,11.2
138,000001.SZ,2022-10-20 10:10:00,11.21,11.2,11.22,11.2,1671200.0,18724407.0,20221020,11.22
139,000001.SZ,2022-10-20 10:05:00,11.21,11.22,11.22,11.2,1968656.0,22060259.2,20221020,11.21
140,000001.SZ,2022-10-20 10:00:00,11.22,11.21,11.23,11.2,2859009.0,32044352.89,20221020,11.22
141,000001.SZ,2022-10-20 09:55:00,11.22,11.22,11.23,11.21,1562686.0,17532871.06,20221020,11.21
142,000001.SZ,2022-10-20 09:50:00,11.24,11.21,11.24,11.21,2382800.0,26750248.0,20221020,11.24
143,000001.SZ,2022-10-20 09:45:00,11.22,11.24,11.24,11.21,2465509.0,27674300.89,20221020,11.22
144,000001.SZ,2022-10-20 09:40:00,11.28,11.22,11.28,11.22,3859100.0,43391113.0,20221020,11.28
145,000001.SZ,2022-10-20 09:35:00,11.23,11.28,11.3,11.23,4436100.0,49968912.0,20221020,11.23
146,000001.SZ,2022-10-20 09:30:00,11.23,11.23,11.23,11.22,1001300.0,11244122.0,20221020,11.29
147,000001.SZ,2022-10-19 15:00:00,11.29,11.29,11.3,11.28,1820348.0,20549673.92,20221019,11.28
148,000001.SZ,2022-10-19 14:55:00,11.29,11.28,11.3,11.28,2920413.0,32963196.07,20221019,11.29
149,000001.SZ,2022-10-19 14:50:00,11.29,11.29,11.31,11.29,1506814.0,17021166.06,20221019,11.29
150,000001.SZ,2022-10-19 14:45:00,11.29,11.29,11.3,11.28,971543.0,10969367.47,20221019,11.28
151,000001.SZ,2022-10-19 14:40:00,11.29,11.28,11.29,11.28,1338978.0,15114375.84,20221019,11.28
152,000001.SZ,2022-10-19 14:35:00,11.3,11.28,11.3,11.28,3569000.0,40278236.0,20221019,11.29
153,000001.SZ,2022-10-19 14:30:00,11.31,11.29,11.32,11.29,5738348.0,64847180.66,20221019,11.31
154,000001.SZ,2022-10-19 14:25:00,11.32,11.31,11.33,11.31,1293865.0,14640917.8,20221019,11.32
155,000001.SZ,2022-10-19 14:20:00,11.32,11.32,11.33,11.31,1037635.0,11746314.2,20221019,11.31
156,000001.SZ,2022-10-19 14:15:00,11.33,11.31,11.33,11.31,1460485.0,16529158.35,20221019,11.32
157,000001.SZ,2022-10-19 14:10:00,11.31,11.32,11.33,11.31,896314.0,10143594.64,20221019,11.31
158,000001.SZ,2022-10-19 14:05:00,11.33,11.31,11.33,11.31,2239000.0,25342144.0,20221019,11.32
159,000001.SZ,2022-10-19 14:00:00,11.33,11.32,11.34,11.32,1130300.0,12808063.0,20221019,11.33
160,000001.SZ,2022-10-19 13:55:00,11.33,11.33,11.34,11.32,732753.0,8301649.0,20221019,11.33
161,000001.SZ,2022-10-19 13:50:00,11.32,11.33,11.34,11.32,1285441.0,14564938.92,20221019,11.32
162,000001.SZ,2022-10-19 13:45:00,11.31,11.32,11.33,11.31,1512481.0,17119330.12,20221019,11.31
163,000001.SZ,2022-10-19 13:40:00,11.33,11.31,11.33,11.31,2634331.0,29818588.78,20221019,11.32
164,000001.SZ,2022-10-19 13:35:00,11.32,11.32,11.33,11.32,792683.0,8978345.56,20221019,11.32
165,000001.SZ,2022-10-19 13:30:00,11.33,11.32,11.34,11.32,1578020.0,17883473.6,20221019,11.33
166,000001.SZ,2022-10-19 13:25:00,11.33,11.33,11.34,11.33,686500.0,7780887.0,20221019,11.33
167,000001.SZ,2022-10-19 13:20:00,11.34,11.33,11.34,11.32,3094180.0,35052552.4,20221019,11.33
168,000001.SZ,2022-10-19 13:15:00,11.34,11.33,11.35,11.33,1483900.0,16825733.0,20221019,11.34
169,000001.SZ,2022-10-19 13:10:00,11.34,11.34,11.35,11.33,1133400.0,12850020.0,20221019,11.33
170,000001.SZ,2022-10-19 13:05:00,11.36,11.33,11.36,11.33,4192250.0,47572341.0,20221019,11.36
171,000001.SZ,2022-10-19 11:30:00,11.38,11.36,11.38,11.35,1229467.0,13972452.79,20221019,11.37
172,000001.SZ,2022-10-19 11:25:00,11.35,11.37,11.38,11.35,1685533.0,19153204.21,20221019,11.35
173,000001.SZ,2022-10-19 11:20:00,11.36,11.35,11.37,11.35,1403000.0,15934229.0,20221019,11.36
174,000001.SZ,2022-10-19 11:15:00,11.36,11.36,11.37,11.35,2686707.0,30527083.52,20221019,11.36
175,000001.SZ,2022-10-19 11:10:00,11.37,11.36,11.38,11.36,2484993.0,28252811.48,20221019,11.38
176,000001.SZ,2022-10-19 11:05:00,11.38,11.38,11.39,11.37,1547954.0,17610916.52,20221019,11.38
177,000001.SZ,2022-10-19 11:00:00,11.39,11.38,11.4,11.38,1671100.0,19023150.0,20221019,11.4
178,000001.SZ,2022-10-19 10:55:00,11.39,11.4,11.4,11.38,804200.0,9160178.0,20221019,11.4
179,000001.SZ,2022-10-19 10:50:00,11.39,11.4,11.4,11.38,936746.0,10665217.48,20221019,11.39
180,000001.SZ,2022-10-19 10:45:00,11.38,11.39,11.4,11.37,907700.0,10336159.0,20221019,11.38
181,000001.SZ,2022-10-19 10:40:00,11.4,11.38,11.4,11.37,3689452.0,41988980.28,20221019,11.39
182,000001.SZ,2022-10-19 10:35:00,11.41,11.39,11.42,11.39,1664100.0,18967866.0,20221019,11.41
183,000001.SZ,2022-10-19 10:30:00,11.4,11.41,11.41,11.39,1408500.0,16061549.0,20221019,11.4
184,000001.SZ,2022-10-19 10:25:00,11.39,11.4,11.41,11.39,1439200.0,16400496.0,20221019,11.39
185,000001.SZ,2022-10-19 10:20:00,11.4,11.39,11.41,11.38,2226100.0,25367051.0,20221019,11.41
186,000001.SZ,2022-10-19 10:15:00,11.41,11.41,11.42,11.41,1414500.0,16143349.0,20221019,11.41
187,000001.SZ,2022-10-19 10:10:00,11.41,11.41,11.42,11.39,2855406.0,32552593.92,20221019,11.41
188,000001.SZ,2022-10-19 10:05:00,11.43,11.41,11.44,11.41,3553642.0,40589664.64,20221019,11.43
189,000001.SZ,2022-10-19 10:00:00,11.44,11.43,11.45,11.43,1408300.0,16106514.0,20221019,11.44
190,000001.SZ,2022-10-19 09:55:00,11.44,11.44,11.48,11.44,898428.0,10289808.6,20221019,11.44
191,000001.SZ,2022-10-19 09:50:00,11.45,11.44,11.45,11.43,2603000.0,29767936.0,20221019,11.45
192,000001.SZ,2022-10-19 09:45:00,11.47,11.45,11.47,11.44,2300400.0,26352191.0,20221019,11.46
193,000001.SZ,2022-10-19 09:40:00,11.44,11.46,11.49,11.44,2496800.0,28649826.0,20221019,11.44
194,000001.SZ,2022-10-19 09:35:00,11.42,11.44,11.46,11.42,3356200.0,38376892.0,20221019,11.42
195,000001.SZ,2022-10-19 09:30:00,11.42,11.42,11.43,11.42,678558.0,7749400.36,20221019,11.48
196,000001.SZ,2022-10-18 15:00:00,11.48,11.48,11.49,11.48,2451828.0,28152641.44,20221018,11.48
197,000001.SZ,2022-10-18 14:55:00,11.49,11.48,11.5,11.48,2440140.0,28033703.51,20221018,11.49
198,000001.SZ,2022-10-18 14:50:00,11.5,11.49,11.51,11.49,2011500.0,23125195.0,20221018,11.5
199,000001.SZ,2022-10-18 14:45:00,11.51,11.5,11.51,11.49,1845600.0,21222263.0,20221018,11.51
200,000001.SZ,2022-10-18 14:40:00,11.51,11.51,11.52,11.5,2152430.0,24775314.0,20221018,11.5
201,000001.SZ,2022-10-18 14:35:00,11.5,11.5,11.52,11.5,3244400.0,37341806.0,20221018,11.5
202,000001.SZ,2022-10-18 14:30:00,11.53,11.5,11.53,11.5,2550100.0,29355637.0,20221018,11.53
203,000001.SZ,2022-10-18 14:25:00,11.53,11.53,11.53,11.52,1121200.0,12920847.0,20221018,11.52
204,000001.SZ,2022-10-18 14:20:00,11.53,11.52,11.53,11.51,778200.0,8967389.0,20221018,11.53
205,000001.SZ,2022-10-18 14:15:00,11.52,11.53,11.53,11.51,956400.0,11016690.0,20221018,11.51
206,000001.SZ,2022-10-18 14:10:00,11.51,11.51,11.52,11.5,2089200.0,24049629.0,20221018,11.51
207,000001.SZ,2022-10-18 14:05:00,11.51,11.51,11.52,11.5,771600.0,8884163.0,20221018,11.51
208,000001.SZ,2022-10-18 14:00:00,11.53,11.51,11.53,11.5,1452500.0,16722091.0,20221018,11.52
209,000001.SZ,2022-10-18 13:55:00,11.52,11.52,11.53,11.51,566400.0,6525020.0,20221018,11.52
210,000001.SZ,2022-10-18 13:50:00,11.52,11.52,11.53,11.51,806900.0,9296030.0,20221018,11.53
211,000001.SZ,2022-10-18 13:45:00,11.53,11.53,11.53,11.52,788200.0,9082851.0,20221018,11.52
212,000001.SZ,2022-10-18 13:40:00,11.5,11.52,11.53,11.5,852300.0,9814038.0,20221018,11.5
213,000001.SZ,2022-10-18 13:35:00,11.52,11.5,11.52,11.5,809500.0,9315914.0,20221018,11.51
214,000001.SZ,2022-10-18 13:30:00,11.54,11.51,11.54,11.51,1137500.0,13101014.0,20221018,11.53
215,000001.SZ,2022-10-18 13:25:00,11.55,11.53,11.55,11.52,1032471.0,11906275.34,20221018,11.55
216,000001.SZ,2022-10-18 13:20:00,11.55,11.55,11.56,11.54,1001729.0,11569643.66,20221018,11.55
217,000001.SZ,2022-10-18 13:15:00,11.57,11.55,11.57,11.55,1467100.0,16954680.0,20221018,11.57
218,000001.SZ,2022-10-18 13:10:00,11.57,11.57,11.58,11.56,1985900.0,22978283.0,20221018,11.58
219,000001.SZ,2022-10-18 13:05:00,11.5,11.58,11.59,11.5,3376746.0,39015485.46,20221018,11.51
220,000001.SZ,2022-10-18 11:30:00,11.49,11.51,11.51,11.49,735369.0,8454369.81,20221018,11.49
221,000001.SZ,2022-10-18 11:25:00,11.51,11.49,11.51,11.49,1110600.0,12771922.0,20221018,11.51
222,000001.SZ,2022-10-18 11:20:00,11.5,11.51,11.51,11.49,883000.0,10154539.0,20221018,11.51
223,000001.SZ,2022-10-18 11:15:00,11.49,11.51,11.51,11.49,1006900.0,11576719.0,20221018,11.5
224,000001.SZ,2022-10-18 11:10:00,11.5,11.5,11.5,11.48,1288700.0,14800163.0,20221018,11.5
225,000001.SZ,2022-10-18 11:05:00,11.48,11.5,11.5,11.47,1156400.0,13279249.0,20221018,11.49
226,000001.SZ,2022-10-18 11:00:00,11.5,11.49,11.5,11.49,699500.0,8041595.46,20221018,11.5
227,000001.SZ,2022-10-18 10:55:00,11.48,11.5,11.5,11.47,1065754.0,12236236.38,20221018,11.48
228,000001.SZ,2022-10-18 10:50:00,11.48,11.48,11.48,11.46,1447100.0,16602936.0,20221018,11.47
229,000001.SZ,2022-10-18 10:45:00,11.49,11.47,11.49,11.47,986300.0,11325341.0,20221018,11.49
230,000001.SZ,2022-10-18 10:40:00,11.49,11.49,11.5,11.47,1309800.0,15044160.0,20221018,11.48
231,000001.SZ,2022-10-18 10:35:00,11.51,11.48,11.51,11.48,2386800.0,27426239.0,20221018,11.51
232,000001.SZ,2022-10-18 10:30:00,11.49,11.51,11.51,11.49,1271900.0,14627194.0,20221018,11.5
233,000001.SZ,2022-10-18 10:25:00,11.5,11.5,11.51,11.49,1808300.0,20792024.0,20221018,11.51
234,000001.SZ,2022-10-18 10:20:00,11.49,11.51,11.51,11.49,1575400.0,18110498.0,20221018,11.5
235,000001.SZ,2022-10-18 10:15:00,11.51,11.5,11.52,11.49,1954562.0,22480722.38,20221018,11.51
236,000001.SZ,2022-10-18 10:10:00,11.51,11.51,11.51,11.49,1689000.0,19426377.0,20221018,11.51
237,000001.SZ,2022-10-18 10:05:00,11.53,11.51,11.55,11.5,3032399.0,34919200.62,20221018,11.54
238,000001.SZ,2022-10-18 10:00:00,11.52,11.54,11.54,11.51,1268944.0,14624527.88,20221018,11.52
239,000001.SZ,2022-10-18 09:55:00,11.53,11.52,11.55,11.5,2541300.0,29284971.0,20221018,11.54
240,000001.SZ,2022-10-18 09:50:00,11.54,11.54,11.55,11.52,2842458.0,32785872.32,20221018,11.54
241,000001.SZ,2022-10-18 09:45:00,11.56,11.54,11.59,11.53,4503970.0,52113903.38,20221018,11.56
242,000001.SZ,2022-10-18 09:40:00,11.57,11.56,11.61,11.56,5895400.0,68334701.52,20221018,11.57
243,000001.SZ,2022-10-18 09:35:00,11.56,11.57,11.64,11.55,13010509.0,150710159.56,20221018,11.55
244,000001.SZ,2022-10-18 09:30:00,11.55,11.55,11.56,11.54,1523500.0,17596419.0,20221018,11.48
245,000001.SZ,2022-10-17 15:00:00,11.49,11.48,11.49,11.47,2620179.0,30076445.08,20221017,11.49
246,000001.SZ,2022-10-17 14:55:00,11.48,11.49,11.49,11.47,3578439.0,41085910.75,20221017,11.49
247,000001.SZ,2022-10-17 14:50:00,11.49,11.49,11.49,11.47,2083385.0,23922517.8,20221017,11.48
248,000001.SZ,2022-10-17 14:45:00,11.49,11.48,11.5,11.48,2392800.0,27480401.0,20221017,11.48
249,000001.SZ,2022-10-17 14:40:00,11.48,11.48,11.49,11.47,2461000.0,28244091.0,20221017,11.48
250,000001.SZ,2022-10-17 14:35:00,11.49,11.48,11.5,11.47,2499700.0,28705204.0,20221017,11.49
251,000001.SZ,2022-10-17 14:30:00,11.49,11.49,11.5,11.48,1803700.0,20720436.0,20221017,11.49
252,000001.SZ,2022-10-17 14:25:00,11.48,11.49,11.5,11.48,1497130.0,17198287.85,20221017,11.49
253,000001.SZ,2022-10-17 14:20:00,11.49,11.49,11.5,11.47,1342242.0,15413638.58,20221017,11.48
254,000001.SZ,2022-10-17 14:15:00,11.48,11.48,11.49,11.47,886800.0,10178458.0,20221017,11.48
255,000001.SZ,2022-10-17 14:10:00,11.48,11.48,11.5,11.48,1069600.0,12285042.0,20221017,11.49
256,000001.SZ,2022-10-17 14:05:00,11.5,11.49,11.52,11.48,1957400.0,22510592.0,20221017,11.5
257,000001.SZ,2022-10-17 14:00:00,11.49,11.5,11.51,11.48,3829860.0,44029275.4,20221017,11.49
258,000001.SZ,2022-10-17 13:55:00,11.47,11.49,11.49,11.47,1360300.0,15616970.0,20221017,11.47
259,000001.SZ,2022-10-17 13:50:00,11.47,11.47,11.48,11.47,1181300.0,13556921.0,20221017,11.47
260,000001.SZ,2022-10-17 13:45:00,11.46,11.47,11.48,11.46,1587176.0,18199051.96,20221017,11.46
261,000001.SZ,2022-10-17 13:40:00,11.46,11.46,11.47,11.45,997700.0,11432967.0,20221017,11.47
262,000001.SZ,2022-10-17 13:35:00,11.46,11.47,11.47,11.45,834800.0,9568373.0,20221017,11.46
263,000001.SZ,2022-10-17 13:30:00,11.47,11.46,11.47,11.45,840700.0,9636006.0,20221017,11.46
264,000001.SZ,2022-10-17 13:25:00,11.45,11.46,11.48,11.43,3321060.0,38047625.0,20221017,11.45
265,000001.SZ,2022-10-17 13:20:00,11.44,11.45,11.46,11.44,684300.0,7834663.0,20221017,11.44
266,000001.SZ,2022-10-17 13:15:00,11.45,11.44,11.46,11.44,1173900.0,13445728.0,20221017,11.45
267,000001.SZ,2022-10-17 13:10:00,11.44,11.45,11.47,11.43,1767177.0,20229186.65,20221017,11.43
268,000001.SZ,2022-10-17 13:05:00,11.45,11.43,11.46,11.43,1551000.0,17748915.0,20221017,11.44
269,000001.SZ,2022-10-17 11:30:00,11.43,11.44,11.45,11.43,724704.0,8288909.72,20221017,11.43
270,000001.SZ,2022-10-17 11:25:00,11.43,11.43,11.45,11.42,731640.0,8365036.6,20221017,11.42
271,000001.SZ,2022-10-17 11:20:00,11.4,11.42,11.43,11.4,727900.0,8307587.0,20221017,11.4
272,000001.SZ,2022-10-17 11:15:00,11.42,11.4,11.44,11.4,1381400.0,15767998.0,20221017,11.42
273,000001.SZ,2022-10-17 11:10:00,11.42,11.42,11.44,11.41,1159900.0,13247785.0,20221017,11.42
274,000001.SZ,2022-10-17 11:05:00,11.45,11.42,11.45,11.42,1030100.0,11769521.0,20221017,11.44
275,000001.SZ,2022-10-17 11:00:00,11.44,11.44,11.46,11.43,785000.0,8979952.0,20221017,11.46
276,000001.SZ,2022-10-17 10:55:00,11.44,11.46,11.47,11.42,1989200.0,22766504.15,20221017,11.44
277,000001.SZ,2022-10-17 10:50:00,11.45,11.44,11.46,11.43,1224491.0,14010726.13,20221017,11.45
278,000001.SZ,2022-10-17 10:45:00,11.43,11.45,11.46,11.43,1406700.0,16102329.0,20221017,11.43
279,000001.SZ,2022-10-17 10:40:00,11.42,11.43,11.44,11.41,1471500.0,16819181.0,20221017,11.41
280,000001.SZ,2022-10-17 10:35:00,11.4,11.41,11.43,11.4,1621800.0,18508192.0,20221017,11.4
281,000001.SZ,2022-10-17 10:30:00,11.42,11.4,11.44,11.4,895600.0,10226272.0,20221017,11.42
282,000001.SZ,2022-10-17 10:25:00,11.4,11.42,11.44,11.4,1654800.0,18890759.0,20221017,11.41
283,000001.SZ,2022-10-17 10:20:00,11.42,11.41,11.44,11.4,1796112.0,20517920.8,20221017,11.43
284,000001.SZ,2022-10-17 10:15:00,11.42,11.43,11.44,11.41,1691957.0,19332823.51,20221017,11.43
285,000001.SZ,2022-10-17 10:10:00,11.4,11.43,11.44,11.39,1953400.0,22299795.0,20221017,11.4
286,000001.SZ,2022-10-17 10:05:00,11.39,11.4,11.42,11.37,2473800.0,28197913.0,20221017,11.38
287,000001.SZ,2022-10-17 10:00:00,11.37,11.38,11.41,11.35,2967800.0,33767140.0,20221017,11.37
288,000001.SZ,2022-10-17 09:55:00,11.38,11.37,11.38,11.34,4109256.0,46654830.68,20221017,11.38
289,000001.SZ,2022-10-17 09:50:00,11.35,11.38,11.38,11.35,2149592.0,24421769.12,20221017,11.35
290,000001.SZ,2022-10-17 09:45:00,11.39,11.35,11.39,11.34,8758192.0,99486649.12,20221017,11.39
291,000001.SZ,2022-10-17 09:40:00,11.39,11.39,11.4,11.36,6125779.0,69732303.26,20221017,11.4
292,000001.SZ,2022-10-17 09:35:00,11.43,11.4,11.46,11.38,9256000.0,105629310.0,20221017,11.43
293,000001.SZ,2022-10-17 09:30:00,11.42,11.43,11.43,11.42,1074000.0,12265637.0,20221017,
