date,open,high,close,low,volume,price_change,p_change,ma5,ma10,ma20,v_ma5,v_ma10,v_ma20,turnover
2022-10-25 15:00:00,10.63,10.64,10.64,10.62,15742.0,0.01,0.09,10.63,10.635,10.6505,22634.9,20885.7,19069.3,0.01
2022-10-25 14:55:00,10.62,10.64,10.64,10.62,25418.4,0.02,0.19,10.63,10.639,10.653,25870.5,20743.9,19077.6,0.01
2022-10-25 14:50:00,10.62,10.63,10.63,10.61,28558.2,0.01,0.09,10.628,10.643,10.6555,24340.1,19125.4,18527.9,0.02
2022-10-25 14:45:00,10.62,10.64,10.62,10.62,21123.0,0.0,0.0,10.628,10.645,10.658,23306.1,18104.0,18548.0,0.01
2022-10-25 14:40:00,10.64,10.65,10.62,10.62,22332.7,-0.02,-0.19,10.632,10.648,10.663,22266.5,18020.5,21651.8,0.01
2022-10-25 14:35:00,10.63,10.65,10.64,10.61,31920.0,0.01,0.09,10.64,10.649,10.6705,19136.5,17600.2,23529.7,0.02
2022-10-25 14:30:00,10.63,10.64,10.63,10.62,17766.6,0.0,0.0,10.648,10.651,10.675,15617.3,16245.7,23385.9,0.01
2022-10-25 14:25:00,10.64,10.64,10.63,10.62,23388.1,-0.01,-0.09,10.658,10.653,10.677,13910.7,16258.1,24037.6,0.01
2022-10-25 14:20:00,10.67,10.67,10.64,10.64,15925.0,-0.03,-0.28,10.662,10.658,10.677,12902.0,16145.8,23774.4,0.01
2022-10-25 14:15:00,10.68,10.68,10.66,10.66,6682.96,-0.02,-0.19,10.664,10.662,10.677,13774.6,16149.2,23780.0,0.0
2022-10-25 14:10:00,10.68,10.69,10.68,10.66,14324.0,0.0,0.0,10.658,10.666,10.6745,16064.0,17253.0,24554.1,0.01
2022-10-25 14:05:00,10.65,10.69,10.68,10.64,9233.2,0.03,0.28,10.654,10.667,10.6705,16874.1,17411.4,25138.6,0.01
2022-10-25 14:00:00,10.65,10.65,10.65,10.64,18344.6,0.0,0.0,10.648,10.668,10.667,18605.5,17930.5,25603.0,0.01
2022-10-25 13:55:00,10.63,10.65,10.65,10.63,20288.0,0.02,0.19,10.654,10.671,10.666,19389.6,18992.0,25658.6,0.01
2022-10-25 13:50:00,10.65,10.66,10.63,10.63,18130.0,-0.02,-0.19,10.66,10.678,10.6645,18523.8,25283.2,25755.7,0.01
2022-10-25 13:45:00,10.65,10.66,10.66,10.64,18374.9,0.01,0.09,10.674,10.692,10.6665,18442.0,29459.2,26002.7,0.01
2022-10-25 13:40:00,10.68,10.68,10.65,10.65,17890.1,-0.03,-0.28,10.68,10.699,10.667,17948.6,30526.0,25817.5,0.01
2022-10-25 13:35:00,10.68,10.68,10.68,10.66,22265.0,0.0,0.0,10.688,10.701,10.6685,17255.4,31817.1,25765.2,0.01
2022-10-25 13:30:00,10.7,10.7,10.68,10.67,15959.0,-0.02,-0.19,10.688,10.696,10.6685,18594.4,31403.1,25426.1,0.01
2022-10-25 13:25:00,10.7,10.7,10.7,10.67,17721.0,0.0,0.0,10.696,10.692,10.668,32042.6,31410.9,25544.4,0.01
2022-10-25 13:20:00,10.7,10.72,10.69,10.68,15908.0,-0.01,-0.09,10.71,10.683,10.665,40476.5,31855.2,25718.7,0.01
2022-10-25 13:15:00,10.68,10.7,10.69,10.67,14424.2,0.01,0.09,10.718,10.674,10.663,43103.3,32865.8,25975.2,0.01
2022-10-25 13:10:00,10.72,10.74,10.68,10.68,28959.9,-0.04,-0.37,10.714,10.666,10.661,46378.8,33275.5,26403.1,0.02
2022-10-25 13:05:00,10.78,10.8,10.72,10.71,83199.7,-0.06,-0.56,10.704,10.661,10.6615,44211.7,32325.3,25787.2,0.05
2022-10-25 11:30:00,10.73,10.77,10.77,10.73,59890.6,0.04,0.37,10.688,10.651,10.6605,30779.2,26228.3,22907.5,0.03
2022-10-25 11:25:00,10.67,10.74,10.73,10.67,29042.3,0.06,0.56,10.656,10.641,10.6585,23233.9,22546.2,21737.6,0.02
2022-10-25 11:20:00,10.63,10.69,10.67,10.63,30801.5,0.04,0.38,10.63,10.635,10.658,22628.3,21109.1,22677.4,0.02
2022-10-25 11:15:00,10.65,10.67,10.63,10.63,18124.4,-0.02,-0.19,10.618,10.636,10.656,20172.2,19713.2,24946.6,0.01
2022-10-25 11:10:00,10.61,10.67,10.64,10.61,16037.0,0.03,0.28,10.618,10.641,10.6615,20438.8,19449.2,31908.4,0.01
2022-10-25 11:05:00,10.61,10.65,10.61,10.61,22164.4,0.0,0.0,10.614,10.644,10.6615,21677.4,19677.8,31965.7,0.01
2022-10-25 11:00:00,10.61,10.62,10.6,10.6,26014.2,-0.01,-0.09,10.626,10.647,10.663,21858.5,19582.2,32154.7,0.02
2022-10-25 10:55:00,10.63,10.65,10.61,10.61,18521.0,-0.02,-0.19,10.64,10.652,10.665,19589.9,19084.5,32396.7,0.01
2022-10-25 10:50:00,10.63,10.65,10.63,10.62,19457.5,0.0,0.0,10.654,10.656,10.667,19254.3,19530.6,32690.1,0.01
2022-10-25 10:45:00,10.65,10.66,10.62,10.62,22229.8,-0.03,-0.28,10.664,10.662,10.6695,18459.5,19249.2,32416.0,0.01
2022-10-25 10:40:00,10.67,10.69,10.67,10.65,23070.0,0.0,0.0,10.674,10.67,10.672,17678.3,19586.8,32717.8,0.01
2022-10-25 10:35:00,10.68,10.7,10.67,10.67,14671.0,-0.01,-0.09,10.668,10.676,10.6725,17305.9,20929.0,32668.4,0.01
2022-10-25 10:30:00,10.68,10.69,10.68,10.65,16843.0,0.0,0.0,10.664,10.681,10.6735,18579.1,24245.8,32922.4,0.01
2022-10-25 10:25:00,10.67,10.68,10.68,10.65,15483.8,0.01,0.09,10.658,10.676,10.672,19807.0,30180.1,33667.6,0.01
2022-10-25 10:20:00,10.65,10.69,10.67,10.65,18323.8,0.02,0.19,10.66,10.682,10.669,20038.9,44367.6,34044.1,0.01
2022-10-25 10:15:00,10.64,10.67,10.64,10.63,21208.0,0.0,0.0,10.666,10.679,10.667,21495.2,44253.5,34158.4,0.01
2022-10-25 10:10:00,10.65,10.66,10.65,10.64,21037.0,0.0,0.0,10.684,10.679,10.667,24552.0,44727.2,34733.1,0.01
2022-10-25 10:05:00,10.69,10.7,10.65,10.65,22982.5,-0.04,-0.37,10.698,10.678,10.6665,29912.4,45709.0,35198.0,0.01
2022-10-25 10:00:00,10.71,10.71,10.69,10.68,16643.0,-0.02,-0.19,10.694,10.678,10.6675,40553.1,45849.5,36244.7,0.01
2022-10-25 09:55:00,10.71,10.73,10.7,10.69,25605.5,-0.01,-0.09,10.704,10.677,10.668,68696.3,45582.8,37200.6,0.01
2022-10-25 09:50:00,10.73,10.74,10.73,10.69,36492.2,0.0,0.0,10.692,10.674,10.6685,67011.8,45848.8,37247.4,0.02
2022-10-25 09:45:00,10.63,10.73,10.72,10.63,47838.9,0.09,0.85,10.674,10.669,10.669,64902.4,44407.8,36170.5,0.03
2022-10-25 09:40:00,10.75,10.77,10.63,10.63,76186.0,-0.12,-1.12,10.658,10.666,10.6715,61505.5,41599.0,34789.7,0.04
2022-10-25 09:35:00,10.71,10.75,10.74,10.7,157359.0,0.03,0.28,10.662,10.668,10.676,51145.9,37155.1,32675.4,0.09
2022-10-24 15:00:00,10.63,10.64,10.64,10.63,17183.0,0.01,0.09,10.65,10.656,10.676,22469.3,23720.5,26016.2,0.01
2022-10-24 14:55:00,10.64,10.64,10.64,10.62,25945.0,0.0,0.0,10.656,10.655,10.681,24685.8,24063.3,27199.3,0.02
2022-10-24 14:50:00,10.65,10.65,10.64,10.62,30854.6,-0.01,-0.09,10.664,10.655,10.6875,23913.2,24739.0,29262.2,0.02
2022-10-24 14:45:00,10.68,10.69,10.65,10.65,24388.0,-0.03,-0.28,10.674,10.655,10.697,21692.5,24687.1,28284.7,0.01
2022-10-24 14:40:00,10.66,10.68,10.68,10.66,13976.0,0.02,0.19,10.674,10.657,10.706,23164.4,26639.9,27849.7,0.01
2022-10-24 14:35:00,10.68,10.71,10.67,10.67,28265.4,-0.01,-0.09,10.662,10.659,10.714,24971.8,28818.3,27578.6,0.02
2022-10-24 14:30:00,10.69,10.71,10.68,10.68,22082.0,-0.01,-0.09,10.654,10.663,10.7225,23440.7,28646.1,26721.5,0.01
2022-10-24 14:25:00,10.65,10.69,10.69,10.65,19751.0,0.04,0.38,10.646,10.669,10.732,25564.7,27933.3,26110.2,0.01
2022-10-24 14:20:00,10.62,10.65,10.65,10.61,31747.4,0.03,0.28,10.636,10.677,10.74,27681.8,27980.4,25476.6,0.02
2022-10-24 14:15:00,10.64,10.64,10.62,10.62,23013.0,-0.02,-0.19,10.64,10.684,10.7505,30115.4,28195.6,24358.8,0.01
2022-10-24 14:10:00,10.64,10.66,10.63,10.63,20610.2,-0.01,-0.09,10.656,10.696,10.7625,32664.9,28311.8,23829.5,0.01
2022-10-24 14:05:00,10.64,10.66,10.64,10.63,32701.9,0.0,0.0,10.672,10.707,10.773,33851.5,30335.3,24058.4,0.02
2022-10-24 14:00:00,10.66,10.66,10.64,10.63,30336.3,-0.02,-0.19,10.692,10.72,10.7825,30301.9,33785.5,23362.9,0.02
2022-10-24 13:55:00,10.7,10.71,10.67,10.64,43915.8,-0.03,-0.28,10.718,10.739,10.7935,28278.9,31882.2,22542.5,0.03
2022-10-24 13:50:00,10.71,10.72,10.7,10.69,35760.3,-0.01,-0.09,10.728,10.755,10.802,26275.7,29059.4,21231.7,0.02
2022-10-24 13:45:00,10.75,10.75,10.71,10.7,26543.0,-0.04,-0.37,10.736,10.769,10.81,23958.6,26338.8,20256.0,0.02
2022-10-24 13:40:00,10.77,10.77,10.74,10.74,14954.0,-0.03,-0.28,10.742,10.782,10.8195,26819.2,24797.0,19847.3,0.01
2022-10-24 13:35:00,10.72,10.78,10.77,10.72,20221.6,0.05,0.47,10.748,10.795,10.827,37269.1,24287.1,19876.1,0.01
2022-10-24 13:30:00,10.74,10.74,10.72,10.71,33899.5,-0.02,-0.19,10.76,10.803,10.8315,35485.6,22972.9,19786.7,0.02
2022-10-24 13:25:00,10.75,10.77,10.74,10.74,24175.0,-0.01,-0.09,10.782,10.817,10.8395,31843.2,20522.1,20050.6,0.01
2022-10-24 13:20:00,10.76,10.77,10.74,10.74,40846.0,-0.02,-0.19,10.802,10.829,10.845,28719.0,19347.2,20585.6,0.02
2022-10-24 13:15:00,10.82,10.83,10.77,10.76,67203.3,-0.05,-0.46,10.822,10.839,10.851,22774.7,17781.6,20827.4,0.04
2022-10-24 13:10:00,10.83,10.84,10.83,10.82,11304.0,0.0,0.0,10.842,10.845,10.856,11305.2,12940.2,20398.6,0.01
2022-10-24 13:05:00,10.84,10.85,10.83,10.82,15687.5,-0.01,-0.09,10.846,10.848,10.861,10460.2,13202.7,22564.5,0.01
2022-10-24 11:30:00,10.84,10.85,10.84,10.83,8554.32,0.0,0.0,10.852,10.849,10.867,9200.96,13404.0,23275.5,0.0
2022-10-24 11:25:00,10.87,10.87,10.84,10.84,11124.5,-0.03,-0.28,10.856,10.851,10.873,9975.29,14173.1,25532.4,0.01
2022-10-24 11:20:00,10.85,10.87,10.87,10.85,9855.76,0.02,0.18,10.856,10.857,10.881,12788.4,14897.7,26906.8,0.01
2022-10-24 11:15:00,10.86,10.86,10.85,10.84,7079.04,-0.01,-0.09,10.848,10.859,10.8915,14575.2,15465.1,28962.5,0.0
2022-10-24 11:10:00,10.86,10.87,10.86,10.85,9391.16,0.0,0.0,10.85,10.86,10.9,15945.2,16600.5,33779.4,0.01
2022-10-24 11:05:00,10.84,10.87,10.86,10.83,12426.0,0.02,0.18,10.846,10.862,10.912,17607.1,19579.2,33950.4,0.01
2022-10-24 11:00:00,10.84,10.85,10.84,10.82,25190.0,0.0,0.0,10.846,10.861,10.9235,18370.9,21824.0,34628.7,0.01
2022-10-24 10:55:00,10.86,10.86,10.83,10.83,18790.0,-0.03,-0.28,10.858,10.863,10.937,17006.9,23873.3,34264.5,0.01
2022-10-24 10:50:00,10.84,10.86,10.86,10.84,13929.0,0.02,0.18,10.87,10.867,10.9505,16355.0,27857.1,34307.1,0.01
2022-10-24 10:45:00,10.87,10.87,10.84,10.84,17700.7,-0.03,-0.28,10.87,10.874,10.9635,17255.8,31926.2,34255.3,0.01
2022-10-24 10:40:00,10.9,10.9,10.86,10.86,16245.0,-0.04,-0.37,10.878,10.885,10.977,21551.2,33146.9,34189.5,0.01
2022-10-24 10:35:00,10.88,10.9,10.9,10.88,18370.0,0.02,0.18,10.876,10.895,10.989,25277.0,36891.7,34072.5,0.01
2022-10-24 10:30:00,10.86,10.89,10.89,10.85,15530.3,0.03,0.28,10.868,10.905,10.9985,30739.6,38916.0,33910.0,0.01
2022-10-24 10:25:00,10.89,10.9,10.86,10.86,18433.0,-0.03,-0.28,10.864,10.924,11.0085,39359.1,42460.0,34063.2,0.01
2022-10-24 10:20:00,10.86,10.89,10.88,10.84,39177.5,0.02,0.18,10.878,10.94,11.02,46596.6,50958.4,35353.2,0.02
2022-10-24 10:15:00,10.86,10.89,10.85,10.85,34874.0,-0.01,-0.09,10.892,10.962,11.032,44742.7,48321.7,34343.7,0.02
2022-10-24 10:10:00,10.87,10.89,10.86,10.85,45683.4,-0.01,-0.09,10.914,10.986,11.0455,48506.5,47433.4,33914.1,0.03
2022-10-24 10:05:00,10.93,10.93,10.87,10.86,58627.8,-0.06,-0.55,10.942,11.011,11.0595,47092.4,44655.7,32139.4,0.03
2022-10-24 10:00:00,10.95,10.96,10.93,10.91,54620.4,-0.02,-0.18,10.984,11.034,11.073,45560.8,40757.1,30513.8,0.03
2022-10-24 09:55:00,10.96,10.98,10.95,10.95,29908.0,-0.01,-0.09,11.002,11.053,11.0835,55320.1,36584.4,29537.4,0.02
2022-10-24 09:50:00,11.0,11.0,10.96,10.95,53692.8,-0.04,-0.36,11.032,11.069,11.094,51900.6,35232.1,29551.4,0.03
2022-10-24 09:45:00,11.08,11.08,11.0,10.99,38613.0,-0.08,-0.72,11.058,11.083,11.105,46360.4,31253.4,27752.1,0.02
2022-10-24 09:40:00,11.02,11.1,11.08,11.01,50969.7,0.06,0.54,11.08,11.092,11.113,42219.0,28904.1,27007.5,0.03
2022-10-24 09:35:00,11.09,11.09,11.02,10.95,103417.0,-0.07,-0.63,11.084,11.093,11.1175,35953.4,25666.4,24911.2,0.06
2022-10-21 15:00:00,11.1,11.1,11.1,11.09,12810.7,0.0,0.0,11.104,11.1,11.125,17848.6,19748.1,20072.6,0.01
2022-10-21 14:55:00,11.1,11.11,11.09,11.09,25991.6,-0.01,-0.09,11.106,11.102,11.128,18563.5,20365.6,20063.6,0.02
2022-10-21 14:50:00,11.1,11.12,11.11,11.1,17906.0,0.01,0.09,11.108,11.105,11.1315,16146.3,20394.8,19967.1,0.01
2022-10-21 14:45:00,11.12,11.12,11.1,11.1,19641.5,-0.02,-0.18,11.104,11.108,11.1345,15589.1,19623.2,19552.5,0.01
2022-10-21 14:40:00,11.12,11.12,11.12,11.11,12893.4,0.0,0.0,11.102,11.112,11.1375,15379.5,20270.4,19900.2,0.01
2022-10-21 14:35:00,11.1,11.12,11.11,11.1,16385.0,0.01,0.09,11.096,11.114,11.1415,21647.6,22490.5,19500.2,0.01
2022-10-21 14:30:00,11.1,11.11,11.1,11.09,13905.8,0.0,0.0,11.098,11.119,11.145,22167.8,23870.8,19253.5,0.01
2022-10-21 14:25:00,11.08,11.11,11.09,11.08,15120.0,0.01,0.09,11.102,11.127,11.15,24643.2,24250.8,18686.2,0.01
2022-10-21 14:20:00,11.09,11.09,11.09,11.08,18593.2,0.0,0.0,11.112,11.134,11.156,23657.2,25111.0,18256.2,0.01
2022-10-21 14:15:00,11.11,11.12,11.09,11.08,44234.2,-0.02,-0.18,11.122,11.142,11.1615,25161.4,24156.0,17602.2,0.03
2022-10-21 14:10:00,11.12,11.12,11.12,11.11,18985.8,0.0,0.0,11.132,11.15,11.1665,23333.4,20397.1,15975.2,0.01
2022-10-21 14:05:00,11.14,11.14,11.12,11.11,26283.0,-0.02,-0.18,11.14,11.154,11.17,25573.9,19761.5,15670.7,0.02
2022-10-21 14:00:00,11.14,11.15,11.14,11.13,10190.0,0.0,0.0,11.152,11.158,11.1735,23858.3,19539.4,14520.1,0.01
2022-10-21 13:55:00,11.14,11.15,11.14,11.13,26114.0,0.0,0.0,11.156,11.161,11.177,26564.7,19481.8,14497.1,0.02
2022-10-21 13:50:00,11.16,11.16,11.14,11.14,35094.3,-0.02,-0.18,11.162,11.163,11.1805,23150.7,19530.0,13440.4,0.02
2022-10-21 13:45:00,11.17,11.19,11.16,11.16,30188.0,-0.01,-0.09,11.168,11.169,11.1845,17460.8,16509.8,12099.0,0.02
2022-10-21 13:40:00,11.16,11.19,11.18,11.16,17705.0,0.02,0.18,11.168,11.171,11.1865,13949.2,14636.2,10968.3,0.01
2022-10-21 13:35:00,11.17,11.18,11.16,11.16,23722.1,-0.01,-0.09,11.164,11.173,11.1875,15220.6,13121.6,10376.3,0.01
2022-10-21 13:30:00,11.17,11.19,11.17,11.17,9044.0,0.0,0.0,11.166,11.178,11.1895,12399.0,11401.4,9473.33,0.01
2022-10-21 13:25:00,11.16,11.17,11.17,11.16,6645.0,0.01,0.09,11.164,11.181,11.192,15909.3,11048.3,9269.23,0.0
2022-10-21 13:20:00,11.16,11.18,11.16,11.16,12630.0,0.0,0.0,11.17,11.183,11.193,15558.9,11553.3,9419.68,0.01
2022-10-21 13:15:00,11.18,11.18,11.16,11.15,24061.8,-0.02,-0.18,11.174,11.186,11.1955,15323.1,11579.8,9300.63,0.01
2022-10-21 13:10:00,11.16,11.18,11.17,11.16,9614.0,0.01,0.09,11.182,11.189,11.1995,11022.5,9500.76,9311.66,0.01
2022-10-21 13:05:00,11.2,11.2,11.16,11.16,26595.6,-0.04,-0.36,11.19,11.193,11.201,10403.9,9512.38,9553.41,0.02
2022-10-21 11:30:00,11.19,11.2,11.2,11.18,4893.0,0.01,0.09,11.198,11.198,11.203,6187.4,7350.72,9545.85,0.0
2022-10-21 11:25:00,11.2,11.2,11.18,11.18,11451.0,-0.02,-0.18,11.196,11.2,11.203,7547.68,7688.12,9798.9,0.01
2022-10-21 11:20:00,11.21,11.21,11.2,11.2,2559.0,-0.01,-0.09,11.198,11.202,11.204,7836.6,7300.42,10190.5,0.0
2022-10-21 11:15:00,11.19,11.21,11.21,11.19,6521.0,0.02,0.18,11.196,11.202,11.2035,7979.0,7631.13,11496.3,0.0
2022-10-21 11:10:00,11.18,11.2,11.2,11.18,5513.0,0.02,0.18,11.196,11.201,11.2035,8620.84,7545.23,13859.8,0.0
2022-10-21 11:05:00,11.18,11.19,11.19,11.18,11694.4,0.01,0.09,11.198,11.203,11.2035,8514.04,7490.13,14201.1,0.01
2022-10-21 11:00:00,11.2,11.2,11.19,11.18,12895.6,-0.01,-0.09,11.204,11.203,11.204,7828.56,7286.09,14845.4,0.01
2022-10-21 10:55:00,11.21,11.21,11.19,11.19,3271.0,-0.02,-0.18,11.206,11.205,11.2035,6764.24,7021.43,15281.0,0.0
2022-10-21 10:50:00,11.2,11.21,11.21,11.19,9730.2,0.01,0.09,11.208,11.21,11.2035,7283.26,9122.56,15749.3,0.01
2022-10-21 10:45:00,11.21,11.21,11.21,11.2,4979.0,0.0,0.0,11.206,11.209,11.2025,6469.62,9594.44,15829.7,0.0
2022-10-21 10:40:00,11.2,11.22,11.22,11.2,8267.0,0.02,0.18,11.208,11.208,11.2015,6466.22,11741.0,16062.1,0.0
2022-10-21 10:35:00,11.2,11.21,11.2,11.19,7574.0,0.0,0.0,11.202,11.206,11.2,6743.62,11909.7,16312.1,0.0
2022-10-21 10:30:00,11.2,11.22,11.2,11.19,5866.08,0.0,0.0,11.204,11.206,11.1995,7278.62,13080.5,16480.3,0.0
2022-10-21 10:25:00,11.21,11.22,11.2,11.2,5662.0,-0.01,-0.09,11.212,11.205,11.199,10961.9,15361.4,16652.9,0.0
2022-10-21 10:20:00,11.19,11.22,11.22,11.19,4962.0,0.03,0.27,11.212,11.206,11.1985,12719.3,20174.4,16843.7,0.0
2022-10-21 10:15:00,11.22,11.22,11.19,11.19,9654.0,-0.03,-0.27,11.208,11.204,11.198,17015.7,20912.1,17028.0,0.01
2022-10-21 10:10:00,11.24,11.24,11.21,11.21,10249.0,-0.03,-0.27,11.21,11.205,11.1985,17075.7,22404.8,16989.5,0.01
2022-10-21 10:05:00,11.2,11.24,11.24,11.19,24282.3,0.04,0.36,11.208,11.202,11.1975,18882.5,23540.5,17165.4,0.01
2022-10-21 10:00:00,11.21,11.22,11.2,11.2,14449.0,-0.01,-0.09,11.198,11.197,11.196,19761.0,22376.1,16234.5,0.01
2022-10-21 09:55:00,11.2,11.21,11.2,11.18,26444.4,0.0,0.0,11.2,11.196,11.1965,27629.6,22065.0,16126.7,0.02
2022-10-21 09:50:00,11.2,11.21,11.2,11.19,9954.0,0.0,0.0,11.2,11.195,11.1975,24808.5,20383.2,15557.4,0.01
2022-10-21 09:45:00,11.2,11.2,11.2,11.18,19282.7,0.0,0.0,11.2,11.194,11.1985,27733.9,20714.5,15606.5,0.01
2022-10-21 09:40:00,11.21,11.22,11.19,11.17,28675.0,-0.02,-0.18,11.196,11.193,11.1995,28198.6,19880.0,15207.3,0.02
2022-10-21 09:35:00,11.23,11.25,11.21,11.2,53792.0,-0.02,-0.18,11.196,11.193,11.202,24991.2,17944.4,14282.6,0.03
2022-10-20 15:00:00,11.2,11.2,11.2,11.19,12338.8,0.0,0.0,11.192,11.191,11.203,16500.5,13513.0,12295.2,0.01
2022-10-20 14:55:00,11.18,11.2,11.2,11.18,24580.8,0.02,0.18,11.19,11.192,11.206,15957.9,13144.0,12810.7,0.01
2022-10-20 14:50:00,11.19,11.19,11.18,11.18,21606.2,-0.01,-0.09,11.188,11.192,11.211,13695.2,11574.3,12843.3,0.01
2022-10-20 14:45:00,11.19,11.19,11.19,11.18,12638.0,0.0,0.0,11.19,11.193,11.2145,11561.5,10790.3,12642.9,0.01
2022-10-20 14:40:00,11.19,11.19,11.19,11.18,11338.6,0.0,0.0,11.19,11.195,11.215,10897.7,10092.9,14602.8,0.01
2022-10-20 14:35:00,11.19,11.19,11.19,11.18,9626.0,0.0,0.0,11.19,11.197,11.2145,10525.6,10188.4,14695.5,0.01
2022-10-20 14:30:00,11.18,11.2,11.19,11.18,13267.0,0.01,0.09,11.194,11.2,11.2145,10330.0,10731.6,14579.1,0.01
2022-10-20 14:25:00,11.19,11.2,11.19,11.18,10938.0,0.0,0.0,11.196,11.203,11.215,9453.41,10498.5,14394.2,0.01
2022-10-20 14:20:00,11.2,11.2,11.19,11.19,9319.0,-0.01,-0.09,11.196,11.206,11.2145,10019.0,10534.5,14249.7,0.01
2022-10-20 14:15:00,11.21,11.21,11.19,11.19,9478.0,-0.02,-0.18,11.2,11.211,11.2145,9288.16,10620.8,14376.3,0.01
2022-10-20 14:10:00,11.21,11.21,11.21,11.2,8648.2,0.0,0.0,11.204,11.215,11.216,9851.2,11077.3,14379.2,0.01
2022-10-20 14:05:00,11.2,11.21,11.2,11.19,8883.84,0.0,0.0,11.206,11.22,11.2165,11133.2,12477.5,14700.9,0.01
2022-10-20 14:00:00,11.2,11.21,11.19,11.19,13766.0,-0.01,-0.09,11.21,11.23,11.216,11543.6,14112.4,14569.8,0.01
2022-10-20 13:55:00,11.21,11.21,11.21,11.2,5664.76,0.0,0.0,11.216,11.236,11.2165,11050.0,14495.6,14362.1,0.0
2022-10-20 13:50:00,11.22,11.23,11.21,11.21,12293.2,-0.01,-0.09,11.222,11.235,11.2155,11953.4,19112.7,14620.5,0.01
2022-10-20 13:45:00,11.22,11.23,11.22,11.21,15058.0,0.0,0.0,11.226,11.232,11.215,12303.4,19202.5,14401.8,0.01
2022-10-20 13:40:00,11.23,11.23,11.22,11.22,10936.0,-0.01,-0.09,11.234,11.229,11.214,13821.8,18426.5,14244.7,0.01
2022-10-20 13:35:00,11.24,11.24,11.22,11.22,11298.0,-0.02,-0.18,11.25,11.227,11.213,16681.2,18289.8,14100.0,0.01
2022-10-20 13:30:00,11.24,11.25,11.24,11.23,10182.0,0.0,0.0,11.256,11.223,11.2115,17941.2,17964.8,13990.8,0.01
2022-10-20 13:25:00,11.26,11.27,11.23,11.23,14043.0,-0.03,-0.27,11.248,11.218,11.209,26272.0,18131.8,14168.7,0.01
2022-10-20 13:20:00,11.3,11.3,11.26,11.26,22650.0,-0.04,-0.35,11.238,11.217,11.2065,26101.6,17681.0,15361.1,0.01
2022-10-20 13:15:00,11.25,11.3,11.3,11.24,25233.0,0.05,0.44,11.224,11.213,11.2035,23031.2,16924.2,14942.5,0.01
2022-10-20 13:10:00,11.2,11.27,11.25,11.2,17598.0,0.05,0.45,11.204,11.202,11.1995,19898.4,15027.1,14674.8,0.01
2022-10-20 13:05:00,11.18,11.31,11.2,11.18,51836.2,0.02,0.18,11.19,11.197,11.197,17988.4,14228.6,15218.8,0.03
2022-10-20 11:30:00,11.19,11.2,11.18,11.18,13190.9,-0.01,-0.09,11.188,11.196,11.198,9991.54,10128.2,13413.5,0.01
2022-10-20 11:25:00,11.2,11.21,11.19,11.19,7298.0,-0.01,-0.09,11.196,11.198,11.2,9260.43,9601.11,13946.9,0.0
2022-10-20 11:20:00,11.18,11.2,11.2,11.18,9569.12,0.02,0.18,11.202,11.199,11.2025,10817.2,10062.9,14817.2,0.01
2022-10-20 11:15:00,11.2,11.2,11.18,11.18,8048.0,-0.02,-0.18,11.2,11.199,11.2035,10155.8,9910.1,16255.7,0.0
2022-10-20 11:10:00,11.22,11.22,11.19,11.19,11851.7,-0.03,-0.27,11.204,11.2,11.2085,10468.8,10016.8,18569.2,0.01
2022-10-20 11:05:00,11.21,11.22,11.22,11.21,9535.32,0.01,0.09,11.204,11.2,11.2135,10264.9,10205.5,18563.7,0.01
2022-10-20 11:00:00,11.19,11.22,11.22,11.19,15082.0,0.03,0.27,11.2,11.196,11.217,9941.8,13041.2,19554.0,0.01
2022-10-20 10:55:00,11.2,11.2,11.19,11.19,6262.0,-0.01,-0.09,11.196,11.194,11.2205,9308.6,12960.8,19527.5,0.0
2022-10-20 10:50:00,11.19,11.2,11.2,11.18,9613.0,0.01,0.09,11.198,11.197,11.226,9664.4,14322.6,19756.6,0.01
2022-10-20 10:45:00,11.19,11.2,11.19,11.18,10832.0,0.0,0.0,11.196,11.197,11.2305,9564.8,16209.1,19899.2,0.01
2022-10-20 10:40:00,11.19,11.2,11.2,11.19,7920.0,0.01,0.09,11.196,11.2,11.2355,10146.2,16698.8,21132.5,0.0
2022-10-20 10:35:00,11.2,11.2,11.2,11.19,11916.0,0.0,0.0,11.192,11.202,11.24,16140.6,18292.7,23801.9,0.01
2022-10-20 10:30:00,11.2,11.2,11.2,11.19,8041.0,0.0,0.0,11.192,11.206,11.2455,16613.0,19571.6,23689.4,0.0
2022-10-20 10:25:00,11.2,11.2,11.19,11.19,9115.0,-0.01,-0.09,11.196,11.208,11.252,18980.7,22601.3,23789.1,0.01
2022-10-20 10:20:00,11.18,11.2,11.19,11.17,13739.0,0.01,0.09,11.198,11.217,11.2585,22853.3,27121.6,24050.1,0.01
2022-10-20 10:15:00,11.2,11.2,11.18,11.16,37892.0,-0.02,-0.18,11.204,11.227,11.265,23251.3,26921.8,23806.8,0.02
2022-10-20 10:10:00,11.22,11.22,11.2,11.2,14278.0,-0.02,-0.18,11.212,11.238,11.2715,20444.7,26066.9,23033.8,0.01
2022-10-20 10:05:00,11.21,11.22,11.22,11.2,19879.6,0.01,0.09,11.22,11.247,11.2775,22530.1,26094.2,22888.0,0.01
2022-10-20 10:00:00,11.22,11.23,11.2,11.2,28478.1,-0.02,-0.18,11.22,11.255,11.283,26221.8,25190.7,22256.2,0.02
2022-10-20 09:55:00,11.21,11.23,11.22,11.21,15728.9,0.01,0.09,11.236,11.264,11.2895,31389.8,23589.4,21492.1,0.01
2022-10-20 09:50:00,11.24,11.24,11.22,11.21,23859.0,-0.02,-0.18,11.25,11.271,11.295,30592.2,25566.3,21445.1,0.01
2022-10-20 09:45:00,11.22,11.24,11.24,11.21,24705.1,0.02,0.18,11.264,11.278,11.3,31689.1,29311.1,21573.3,0.01
2022-10-20 09:40:00,11.28,11.28,11.22,11.22,38338.0,-0.06,-0.53,11.274,11.285,11.304,29658.3,27807.3,20730.4,0.02
2022-10-20 09:35:00,11.23,11.3,11.28,11.23,54318.0,0.05,0.45,11.29,11.296,11.309,24159.6,24976.9,19601.5,0.03
2022-10-19 15:00:00,11.28,11.3,11.29,11.28,11741.1,0.01,0.09,11.292,11.3,11.312,15788.9,20978.7,17229.5,0.01
2022-10-19 14:55:00,11.29,11.3,11.29,11.28,29343.1,0.0,0.0,11.292,11.303,11.314,20540.3,20691.9,18214.1,0.02
2022-10-19 14:50:00,11.29,11.31,11.29,11.29,14551.1,0.0,0.0,11.292,11.305,11.3165,26933.2,20000.8,17463.9,0.01
2022-10-19 14:45:00,11.28,11.3,11.3,11.28,10844.5,0.02,0.18,11.296,11.308,11.319,25956.3,19681.9,17302.9,0.01
2022-10-19 14:40:00,11.28,11.29,11.29,11.28,12464.8,0.01,0.09,11.302,11.311,11.3205,25794.2,19321.8,18855.6,0.01
2022-10-19 14:35:00,11.3,11.3,11.29,11.28,35497.9,-0.01,-0.09,11.308,11.315,11.324,26168.4,19394.9,18844.1,0.02
2022-10-19 14:30:00,11.31,11.32,11.29,11.29,61307.5,-0.02,-0.18,11.314,11.319,11.328,20843.5,17323.9,17924.2,0.04
2022-10-19 14:25:00,11.32,11.33,11.31,11.31,9666.64,-0.01,-0.09,11.318,11.322,11.331,13068.4,13835.5,15548.2,0.01
2022-10-19 14:20:00,11.31,11.33,11.33,11.31,10034.3,0.02,0.18,11.32,11.323,11.3335,13407.5,13653.5,16408.4,0.01
2022-10-19 14:15:00,11.33,11.33,11.32,11.31,14335.9,-0.01,-0.09,11.32,11.322,11.335,12849.3,14226.1,17152.8,0.01
2022-10-19 14:10:00,11.31,11.33,11.32,11.31,8873.12,0.01,0.09,11.322,11.324,11.338,12621.4,13480.3,17214.5,0.01
2022-10-19 14:05:00,11.33,11.33,11.31,11.31,22432.0,-0.02,-0.18,11.324,11.325,11.341,13804.3,15736.3,17597.7,0.01
2022-10-19 14:00:00,11.33,11.34,11.32,11.32,11362.0,-0.01,-0.09,11.326,11.328,11.3455,14602.6,14927.0,16878.5,0.01
2022-10-19 13:55:00,11.33,11.34,11.33,11.32,7243.52,0.0,0.0,11.326,11.33,11.349,13899.6,14923.9,16778.5,0.0
2022-10-19 13:50:00,11.32,11.34,11.33,11.32,13196.4,0.01,0.09,11.324,11.33,11.352,15602.9,18389.5,16875.3,0.01
2022-10-19 13:45:00,11.31,11.33,11.33,11.31,14787.8,0.02,0.18,11.326,11.333,11.354,14339.2,18293.2,18057.4,0.01
2022-10-19 13:40:00,11.32,11.33,11.32,11.31,26423.3,0.0,0.0,11.326,11.337,11.357,17668.2,18524.6,18148.8,0.02
2022-10-19 13:35:00,11.32,11.33,11.32,11.32,7846.84,0.0,0.0,11.33,11.34,11.3615,15251.4,17260.8,17531.2,0.0
2022-10-19 13:30:00,11.33,11.34,11.32,11.32,15760.2,-0.01,-0.09,11.334,11.344,11.3655,15948.2,19163.3,17858.0,0.01
2022-10-19 13:25:00,11.33,11.34,11.34,11.33,6878.0,0.01,0.09,11.336,11.348,11.369,21176.1,20079.5,18209.9,0.0
2022-10-19 13:20:00,11.33,11.34,11.33,11.32,31432.8,0.0,0.0,11.34,11.352,11.3725,22247.2,20948.7,18548.0,0.02
2022-10-19 13:15:00,11.34,11.35,11.34,11.33,14339.0,0.0,0.0,11.348,11.357,11.3765,19380.9,19459.2,18534.8,0.01
2022-10-19 13:10:00,11.34,11.35,11.34,11.33,11331.0,0.0,0.0,11.35,11.363,11.38,19270.3,18830.0,19462.3,0.01
2022-10-19 13:05:00,11.36,11.36,11.33,11.33,41899.5,-0.03,-0.26,11.354,11.368,11.3845,22378.3,18633.2,19603.4,0.02
2022-10-19 11:30:00,11.38,11.38,11.36,11.35,12233.7,-0.02,-0.18,11.36,11.374,11.39,18983.0,15361.1,17976.8,0.01
2022-10-19 11:25:00,11.35,11.38,11.37,11.35,17101.4,0.02,0.18,11.364,11.375,11.394,19650.2,17821.6,18714.3,0.01
2022-10-19 11:20:00,11.36,11.37,11.35,11.35,13786.0,-0.01,-0.09,11.366,11.377,11.398,19537.5,17773.0,18953.8,0.01
2022-10-19 11:15:00,11.36,11.37,11.36,11.35,26871.0,0.0,0.0,11.376,11.383,11.404,18389.7,17801.6,19516.0,0.02
2022-10-19 11:10:00,11.38,11.38,11.36,11.36,24923.0,-0.02,-0.18,11.382,11.387,11.408,14888.0,16552.7,20172.0,0.01
2022-10-19 11:05:00,11.38,11.39,11.38,11.37,15569.5,0.0,0.0,11.388,11.39,11.4145,11739.2,16340.2,19536.2,0.01
2022-10-19 11:00:00,11.4,11.4,11.38,11.38,16538.0,-0.02,-0.18,11.386,11.393,11.4195,15993.0,16147.4,19913.6,0.01
2022-10-19 10:55:00,11.4,11.4,11.4,11.38,8047.0,0.0,0.0,11.388,11.396,11.425,16008.6,17610.3,20080.4,0.0
2022-10-19 10:50:00,11.39,11.39,11.39,11.38,9362.46,0.0,0.0,11.39,11.397,11.43,17213.6,20094.6,20604.3,0.01
2022-10-19 10:45:00,11.38,11.4,11.39,11.38,9179.0,0.01,0.09,11.392,11.401,11.436,18217.5,20573.7,21325.7,0.01
2022-10-19 10:40:00,11.39,11.4,11.37,11.37,36838.5,-0.02,-0.18,11.392,11.406,11.442,20941.3,20592.5,22371.9,0.02
2022-10-19 10:35:00,11.41,11.41,11.39,11.39,16616.0,-0.02,-0.18,11.4,11.413,11.4485,16301.8,19607.1,21799.0,0.01
2022-10-19 10:30:00,11.4,11.41,11.41,11.39,14072.0,0.01,0.09,11.404,11.419,11.4555,19212.0,20134.5,21532.6,0.01
2022-10-19 10:25:00,11.39,11.41,11.4,11.39,14382.0,0.01,0.09,11.404,11.425,11.4615,22975.7,21230.4,21214.2,0.01
2022-10-19 10:20:00,11.41,11.41,11.39,11.39,22798.0,-0.02,-0.18,11.41,11.429,11.468,22929.9,23791.3,20973.3,0.01
2022-10-19 10:15:00,11.41,11.42,11.41,11.41,13641.0,0.0,0.0,11.42,11.439,11.474,20243.8,22732.2,20879.7,0.01
2022-10-19 10:10:00,11.41,11.42,11.41,11.39,31167.1,0.0,0.0,11.426,11.446,11.479,22912.4,23679.8,20642.3,0.02
2022-10-19 10:05:00,11.43,11.44,11.41,11.41,32890.4,-0.02,-0.17,11.434,11.454,11.484,21056.9,22550.5,19749.7,0.02
2022-10-19 10:00:00,11.44,11.45,11.43,11.43,14153.0,-0.01,-0.09,11.446,11.463,11.4895,19485.1,21114.0,18393.3,0.01
2022-10-19 09:55:00,11.44,11.48,11.44,11.44,9367.28,0.0,0.0,11.448,11.471,11.4945,24652.8,22077.7,18084.1,0.01
2022-10-19 09:50:00,11.45,11.45,11.44,11.43,26984.0,-0.01,-0.09,11.458,11.478,11.499,25220.7,24151.3,18014.5,0.02
2022-10-19 09:45:00,11.46,11.47,11.45,11.44,21890.0,-0.01,-0.09,11.466,11.484,11.5035,24447.2,23990.8,17089.7,0.01
2022-10-19 09:40:00,11.44,11.49,11.47,11.44,25031.0,0.03,0.26,11.474,11.492,11.5065,24044.0,22930.7,16421.5,0.01
2022-10-19 09:35:00,11.42,11.45,11.44,11.42,39991.6,0.02,0.18,11.48,11.498,11.509,22743.0,21197.9,15714.3,0.02
2022-10-18 15:00:00,11.48,11.49,11.49,11.48,12207.0,0.01,0.09,11.494,11.507,11.514,19502.6,18155.2,14244.4,0.01
2022-10-18 14:55:00,11.49,11.5,11.48,11.48,23116.4,-0.01,-0.09,11.498,11.509,11.517,23082.0,19027.2,14123.0,0.01
2022-10-18 14:50:00,11.5,11.51,11.49,11.49,19874.0,-0.01,-0.09,11.502,11.512,11.521,23534.5,17604.7,13716.3,0.01
2022-10-18 14:45:00,11.51,11.51,11.5,11.49,18526.0,-0.01,-0.09,11.51,11.514,11.5245,21817.5,16948.8,13708.5,0.01
2022-10-18 14:40:00,11.5,11.52,11.51,11.5,23789.4,0.01,0.09,11.516,11.516,11.5285,19652.9,15672.5,14427.3,0.01
2022-10-18 14:35:00,11.5,11.52,11.51,11.5,30104.0,0.01,0.09,11.52,11.518,11.5285,16807.8,14090.5,13608.0,0.02
2022-10-18 14:30:00,11.53,11.53,11.5,11.5,25379.0,-0.03,-0.26,11.52,11.52,11.528,14972.4,11877.7,12652.4,0.01
2022-10-18 14:25:00,11.52,11.53,11.53,11.52,11289.0,0.01,0.09,11.522,11.523,11.5285,11675.0,10188.6,11825.9,0.01
2022-10-18 14:20:00,11.53,11.53,11.53,11.51,7702.96,0.0,0.0,11.518,11.521,11.527,12080.2,9912.3,11767.1,0.0
2022-10-18 14:15:00,11.51,11.53,11.53,11.51,9564.0,0.02,0.17,11.516,11.52,11.5255,11692.2,10230.6,12027.7,0.01
2022-10-18 14:10:00,11.51,11.52,11.51,11.5,20927.0,0.0,0.0,11.516,11.521,11.5235,11373.2,10333.7,12125.3,0.01
2022-10-18 14:05:00,11.51,11.52,11.51,11.5,8892.0,0.0,0.0,11.52,11.525,11.5225,8783.0,9218.8,11427.3,0.01
2022-10-18 14:00:00,11.52,11.53,11.51,11.5,13315.0,-0.01,-0.09,11.524,11.53,11.5215,8702.2,9827.8,11514.4,0.01
2022-10-18 13:55:00,11.52,11.53,11.52,11.51,5763.04,0.0,0.0,11.524,11.535,11.52,7744.4,10468.2,11584.0,0.0
2022-10-18 13:50:00,11.53,11.53,11.53,11.51,7968.96,0.0,0.0,11.524,11.541,11.5175,8768.99,13182.0,11779.5,0.0
2022-10-18 13:45:00,11.52,11.53,11.53,11.52,7976.0,0.01,0.09,11.526,11.539,11.5155,9294.14,13125.4,12055.1,0.0
2022-10-18 13:40:00,11.5,11.53,11.53,11.5,8488.0,0.03,0.26,11.53,11.536,11.5135,9654.6,13427.0,12832.3,0.0
2022-10-18 13:35:00,11.51,11.52,11.51,11.5,8526.0,0.0,0.0,11.536,11.534,11.5125,10953.4,13463.2,13046.5,0.0
2022-10-18 13:30:00,11.53,11.54,11.52,11.51,10886.0,-0.01,-0.09,11.546,11.533,11.512,13192.0,13621.9,13518.3,0.01
2022-10-18 13:25:00,11.55,11.55,11.54,11.52,10594.7,-0.01,-0.09,11.558,11.531,11.5115,17595.1,13824.7,13764.6,0.01
2022-10-18 13:20:00,11.55,11.56,11.55,11.54,9778.28,0.0,0.0,11.552,11.526,11.5095,16956.7,13916.8,14209.7,0.01
2022-10-18 13:15:00,11.57,11.57,11.56,11.55,14982.0,-0.01,-0.09,11.542,11.52,11.5075,17199.4,13635.8,14564.7,0.01
2022-10-18 13:10:00,11.58,11.58,11.56,11.56,19719.0,-0.02,-0.17,11.532,11.513,11.505,15973.0,13201.1,15335.1,0.01
2022-10-18 13:05:00,11.5,11.59,11.58,11.5,32901.5,0.08,0.7,11.52,11.505,11.5035,14051.8,12699.9,14985.7,0.02
2022-10-18 11:30:00,11.49,11.51,11.51,11.49,7402.68,0.02,0.17,11.504,11.494,11.5,10054.3,10377.0,14719.1,0.0
2022-10-18 11:25:00,11.51,11.51,11.5,11.49,10992.0,-0.01,-0.09,11.5,11.492,11.501,10877.0,10984.8,15661.6,0.01
2022-10-18 11:20:00,11.51,11.51,11.51,11.49,8850.0,0.0,0.0,11.498,11.491,11.503,10072.2,12237.7,17380.3,0.01
2022-10-18 11:15:00,11.5,11.51,11.5,11.49,10113.0,0.0,0.0,11.494,11.491,11.5055,10429.1,12629.8,19899.8,0.01
2022-10-18 11:10:00,11.5,11.5,11.5,11.48,12914.0,0.0,0.0,11.49,11.491,11.509,11347.9,13414.8,26625.4,0.01
2022-10-18 11:05:00,11.49,11.5,11.49,11.47,11516.0,0.0,0.0,11.484,11.492,11.5085,10699.7,13704.5,26824.4,0.01
2022-10-18 11:00:00,11.5,11.5,11.49,11.49,6968.0,-0.01,-0.09,11.484,11.493,11.508,11092.5,14502.5,28030.3,0.0
2022-10-18 10:55:00,11.48,11.5,11.49,11.47,10634.6,0.01,0.09,11.484,11.495,11.5075,14403.1,15493.5,28780.5,0.01
2022-10-18 10:50:00,11.47,11.48,11.48,11.46,14707.0,0.01,0.09,11.488,11.497,11.5075,14830.4,17469.1,29382.6,0.01
2022-10-18 10:45:00,11.49,11.49,11.47,11.47,9673.04,-0.02,-0.17,11.492,11.502,11.508,15481.6,17271.5,29873.1,0.01
2022-10-18 10:40:00,11.49,11.5,11.49,11.48,13480.0,0.0,0.0,11.5,11.506,11.5085,16709.2,19061.2,30638.7,0.01
2022-10-18 10:35:00,11.51,11.51,11.49,11.48,23521.0,-0.02,-0.17,11.502,11.51,11.5085,17912.5,20338.5,30884.9,0.01
2022-10-18 10:30:00,11.5,11.51,11.51,11.49,12771.0,0.01,0.09,11.506,11.515,11.5085,16583.9,22523.0,30450.4,0.01
2022-10-18 10:25:00,11.5,11.51,11.5,11.49,17963.0,0.0,0.0,11.506,11.52,11.5075,20107.7,27169.9,30470.7,0.01
2022-10-18 10:20:00,11.49,11.51,11.51,11.49,15811.0,0.02,0.17,11.512,11.527,11.5065,19061.4,39836.1,30018.5,0.01
2022-10-18 10:15:00,11.51,11.52,11.5,11.49,19496.6,-0.01,-0.09,11.512,11.525,11.505,21413.2,39944.3,29762.0,0.01
2022-10-18 10:10:00,11.51,11.51,11.51,11.49,16878.0,0.0,0.0,11.518,11.523,11.504,22764.4,41558.0,29780.0,0.01
2022-10-18 10:05:00,11.54,11.55,11.51,11.5,30390.0,-0.03,-0.26,11.524,11.52,11.504,28462.1,42067.6,30941.2,0.02
2022-10-18 10:00:00,11.52,11.54,11.53,11.51,12731.4,0.01,0.09,11.534,11.518,11.5025,34232.1,41296.2,30002.3,0.01
2022-10-18 09:55:00,11.54,11.55,11.51,11.51,27570.0,-0.03,-0.26,11.542,11.514,11.5,60610.9,42474.6,29954.4,0.02
2022-10-18 09:50:00,11.54,11.55,11.53,11.52,26252.6,-0.01,-0.09,11.538,11.511,11.498,58475.4,42216.1,29367.2,0.02
2022-10-18 09:45:00,11.56,11.59,11.54,11.54,45366.7,-0.02,-0.17,11.528,11.507,11.495,60351.7,41431.2,28561.3,0.03
2022-10-18 09:40:00,11.57,11.61,11.56,11.56,59240.0,-0.01,-0.09,11.516,11.502,11.491,55673.0,38377.7,26716.8,0.03
2022-10-18 09:35:00,11.55,11.63,11.57,11.55,144625.0,0.02,0.17,11.502,11.495,11.486,48360.2,33771.4,24162.2,0.08
2022-10-17 15:00:00,11.49,11.49,11.49,11.47,16892.6,0.0,0.0,11.486,11.486,11.481,24338.4,20201.0,18587.1,0.01
2022-10-17 14:55:00,11.49,11.49,11.48,11.47,35634.2,-0.01,-0.09,11.484,11.485,11.479,25956.8,19579.7,18084.6,0.02
2022-10-17 14:50:00,11.48,11.49,11.48,11.47,21973.0,0.0,0.0,11.486,11.485,11.4775,22510.8,18002.0,16904.9,0.01
2022-10-17 14:45:00,11.48,11.49,11.49,11.48,22676.0,0.01,0.09,11.488,11.488,11.476,21082.5,19814.8,16674.3,0.01
2022-10-17 14:40:00,11.48,11.49,11.49,11.47,24516.0,0.01,0.09,11.488,11.487,11.4735,19182.7,18708.5,16283.3,0.01
2022-10-17 14:35:00,11.49,11.5,11.48,11.47,24985.0,-0.01,-0.09,11.486,11.486,11.4715,16063.5,17434.1,15449.9,0.01
2022-10-17 14:30:00,11.49,11.5,11.49,11.48,18404.0,0.0,0.0,11.486,11.485,11.469,13202.5,16518.2,14531.8,0.01
2022-10-17 14:25:00,11.49,11.5,11.49,11.48,14831.3,0.0,0.0,11.484,11.483,11.466,13493.1,15691.4,13985.6,0.01
2022-10-17 14:20:00,11.48,11.5,11.49,11.48,13177.4,0.01,0.09,11.488,11.48,11.4615,18547.2,15055.9,13924.3,0.01
2022-10-17 14:15:00,11.48,11.49,11.48,11.47,8920.0,0.0,0.0,11.486,11.477,11.459,18234.3,14553.0,13852.0,0.01
2022-10-17 14:10:00,11.49,11.5,11.48,11.48,10680.0,-0.01,-0.09,11.486,11.476,11.456,18804.7,16973.3,13964.3,0.01
2022-10-17 14:05:00,11.5,11.52,11.48,11.48,19857.0,-0.02,-0.17,11.484,11.473,11.454,19833.9,16589.5,13786.0,0.01
2022-10-17 14:00:00,11.49,11.51,11.51,11.48,40101.6,0.02,0.17,11.482,11.47,11.4525,17889.7,15807.9,13776.0,0.02
2022-10-17 13:55:00,11.47,11.49,11.48,11.47,11613.0,0.01,0.09,11.472,11.464,11.4495,11564.6,13533.8,12385.5,0.01
2022-10-17 13:50:00,11.47,11.48,11.48,11.47,11772.0,0.01,0.09,11.468,11.46,11.448,10871.8,13858.0,12505.5,0.01
2022-10-17 13:45:00,11.46,11.48,11.47,11.46,15825.8,0.01,0.09,11.466,11.457,11.4455,15141.9,13465.7,12661.0,0.01
2022-10-17 13:40:00,11.46,11.47,11.47,11.45,10136.0,0.01,0.09,11.462,11.453,11.443,13345.1,12545.5,12671.8,0.01
2022-10-17 13:35:00,11.46,11.47,11.46,11.45,8476.0,0.0,0.0,11.458,11.449,11.4395,13726.1,12279.9,12617.8,0.0
2022-10-17 13:30:00,11.46,11.47,11.46,11.45,8148.96,0.0,0.0,11.456,11.443,11.437,15503.1,12792.8,13018.9,0.0
2022-10-17 13:25:00,11.45,11.47,11.47,11.43,33122.6,0.02,0.17,11.452,11.441,11.434,16844.3,13150.9,13536.1,0.02
2022-10-17 13:20:00,11.44,11.46,11.45,11.44,6842.0,0.01,0.09,11.448,11.436,11.4315,11789.6,10955.3,12702.9,0.0
2022-10-17 13:15:00,11.45,11.46,11.45,11.44,12041.0,0.0,0.0,11.444,11.435,11.43,11745.8,10982.5,13358.5,0.01
2022-10-17 13:10:00,11.43,11.47,11.45,11.43,17360.8,0.02,0.17,11.44,11.435,11.4275,10833.6,11744.0,13970.2,0.01
2022-10-17 13:05:00,11.45,11.46,11.44,11.43,14855.0,-0.01,-0.09,11.43,11.435,11.4245,10082.5,11237.2,14587.6,0.01
2022-10-17 11:30:00,11.44,11.45,11.45,11.43,7849.04,0.01,0.09,11.43,11.436,11.421,9457.49,11152.9,15894.3,0.0
2022-10-17 11:25:00,11.42,11.45,11.43,11.42,6623.4,0.01,0.09,11.424,11.434,11.4175,10121.1,11856.3,16663.7,0.0
2022-10-17 11:20:00,11.4,11.43,11.43,11.4,7480.0,0.03,0.26,11.426,11.433,11.4135,10219.2,12798.1,20650.3,0.0
2022-10-17 11:15:00,11.42,11.44,11.4,11.4,13605.0,-0.02,-0.18,11.43,11.43,11.4115,12654.4,12955.8,23376.8,0.01
2022-10-17 11:10:00,11.42,11.44,11.44,11.41,11730.0,0.02,0.18,11.44,11.431,11.411,12392.0,13245.1,27797.2,0.01
2022-10-17 11:05:00,11.44,11.45,11.42,11.42,11167.0,-0.02,-0.17,11.442,11.427,11.4155,12848.4,13921.3,27733.4,0.01
2022-10-17 11:00:00,11.46,11.46,11.44,11.43,7114.0,-0.02,-0.17,11.444,11.427,11.421,13591.6,14450.5,28315.1,0.0
2022-10-17 10:55:00,11.44,11.45,11.45,11.42,19656.0,0.01,0.09,11.44,11.425,11.4255,15377.0,15734.6,28459.8,0.01
2022-10-17 10:50:00,11.45,11.45,11.45,11.43,12292.9,0.0,0.0,11.43,11.42,11.4295,13257.2,16196.4,28342.6,0.01
2022-10-17 10:45:00,11.43,11.46,11.45,11.43,14012.0,0.02,0.17,11.422,11.414,11.433,14098.2,17937.9,28890.0,0.01
2022-10-17 10:40:00,11.41,11.44,11.43,11.41,14883.0,0.02,0.18,11.412,11.406,11.436,14994.2,20635.6,28961.9,0.01
2022-10-17 10:35:00,11.4,11.43,11.42,11.4,16041.0,0.02,0.18,11.41,11.401,11.4405,15309.3,21471.1,29016.0,0.01
2022-10-17 10:30:00,11.41,11.44,11.4,11.4,9057.0,-0.01,-0.09,11.41,11.394,11.446,16092.1,28502.5,28729.3,0.01
2022-10-17 10:25:00,11.41,11.43,11.41,11.4,16498.0,0.0,0.0,11.41,11.393,11.4535,19135.5,33797.8,29031.5,0.01
2022-10-17 10:20:00,11.42,11.44,11.4,11.4,18492.1,-0.02,-0.18,11.406,11.391,11.4595,21777.5,42349.4,29345.0,0.01
2022-10-17 10:15:00,11.43,11.44,11.42,11.41,16458.6,-0.01,-0.09,11.4,11.404,11.465,26277.0,41545.6,29024.0,0.01
2022-10-17 10:10:00,11.4,11.44,11.42,11.39,19955.0,0.02,0.18,11.392,11.415,11.4695,27632.9,42179.7,29103.8,0.01
2022-10-17 10:05:00,11.38,11.42,11.4,11.37,24274.0,0.02,0.18,11.378,11.426,11.474,40912.9,41185.0,29096.8,0.01
2022-10-17 10:00:00,11.37,11.4,11.39,11.36,29708.0,0.02,0.18,11.376,11.439,11.481,48460.0,40488.8,28878.8,0.02
2022-10-17 09:55:00,11.38,11.38,11.37,11.34,40989.6,-0.01,-0.09,11.376,11.452,11.489,62921.2,39842.1,28739.9,0.02
2022-10-17 09:50:00,11.35,11.38,11.38,11.35,23237.9,0.03,0.26,11.408,11.466,11.4995,56814.2,37288.2,27048.8,0.01
2022-10-17 09:45:00,11.39,11.39,11.35,11.34,86354.9,-0.04,-0.35,11.438,11.48,11.5095,56726.6,36560.8,26615.4,0.05
2022-10-17 09:40:00,11.4,11.4,11.39,11.37,62009.8,-0.01,-0.09,11.474,11.498,11.5205,41457.2,28956.1,22793.1,0.04
2022-10-17 09:35:00,11.43,11.44,11.39,11.38,102014.0,-0.04,-0.35,11.502,11.514,11.5295,32517.6,24265.2,20667.4,0.06
2022-10-14 15:00:00,11.54,11.54,11.53,11.53,10454.2,-0.01,-0.09,11.528,11.528,11.5385,16763.0,16340.6,15991.8,0.01
2022-10-14 14:55:00,11.53,11.54,11.53,11.52,22799.9,0.0,0.0,11.524,11.526,11.5405,17762.2,16502.4,15953.1,0.01
2022-10-14 14:50:00,11.52,11.53,11.53,11.52,10008.0,0.01,0.09,11.522,11.524,11.543,16395.1,16027.8,15069.1,0.01
2022-10-14 14:45:00,11.51,11.53,11.53,11.51,17312.0,0.02,0.17,11.522,11.522,11.545,16455.1,17008.7,15090.8,0.01
2022-10-14 14:40:00,11.51,11.52,11.52,11.51,23241.0,0.01,0.09,11.526,11.523,11.5475,16012.9,17268.7,16026.9,0.01
2022-10-14 14:35:00,11.53,11.53,11.51,11.51,15450.0,-0.02,-0.17,11.528,11.526,11.549,15918.3,17637.6,15560.5,0.01
2022-10-14 14:30:00,11.53,11.54,11.52,11.52,15964.7,-0.01,-0.09,11.528,11.533,11.5515,15242.7,16809.4,16057.8,0.01
2022-10-14 14:25:00,11.55,11.55,11.53,11.52,10307.6,-0.02,-0.17,11.526,11.539,11.5545,15660.5,16669.9,16195.5,0.01
2022-10-14 14:20:00,11.53,11.55,11.55,11.52,15101.0,0.02,0.17,11.522,11.543,11.557,17562.3,16630.1,16326.1,0.01
2022-10-14 14:15:00,11.51,11.53,11.53,11.51,22768.0,0.02,0.17,11.52,11.545,11.5585,18524.5,17069.5,16679.9,0.01
2022-10-14 14:10:00,11.52,11.52,11.51,11.51,12072.0,-0.01,-0.09,11.524,11.549,11.5605,19357.0,15642.9,16220.1,0.01
2022-10-14 14:05:00,11.52,11.52,11.51,11.51,18054.1,-0.01,-0.09,11.538,11.555,11.563,18376.1,15403.9,16101.8,0.01
2022-10-14 14:00:00,11.53,11.54,11.51,11.51,19816.3,-0.02,-0.17,11.552,11.562,11.565,17679.3,14110.3,16095.9,0.01
2022-10-14 13:55:00,11.55,11.55,11.54,11.53,19912.0,-0.01,-0.09,11.564,11.568,11.5685,15698.0,13173.0,16223.0,0.01
